benchmark, unique_loop_id, loop_nest_level, dynOp_count, floatOp_count, branchOp_count, memOp_count, operands_count, implicit_instr_count, unique_pred_count, trip_count, loop_calls, reuse_count, use_count, def_count, store_count, load_count
433.milc,433.milc_1,2,63,0.031746,0.015873,0.761905,1.8254,0.190476,0,4,0,0,1.2381,0, 0.031746, 0.349206
433.milc,433.milc_2,1,3,0,0.666667,0.333333,1.33333,0,0,4,0,0,0.333333,0, 0.333333, 0
433.milc,433.milc_3,1,45,0.0444444,0.0222222,0.8,1.88889,0.133333,0,4,0,0,1.2,0, 0.0444444, 0.355556
433.milc,433.milc_4,1,35,0,0.0285714,0.6,1.54286,0.171429,0,1,0,0,1.28571,0, 0.171429, 0.371429
433.milc,433.milc_5,4,23,0,0.0434783,0.695652,1.86957,0.173913,0,4,0,0,1.13043,0, 0, 0.347826
433.milc,433.milc_6,3,4,0,0.5,0.25,1.5,0,0,4,0,0,0.25,0, 0.25, 0
433.milc,433.milc_7,4,31,0,0.0322581,0.645161,1.70968,0.258065,0,4,0,0,1.16129,0, 0.0645161, 0.322581
433.milc,433.milc_8,3,4,0,0.5,0.25,1.5,0,0,4,0,0,0.25,0, 0.25, 0
433.milc,433.milc_9,2,42,0.0952381,0.166667,0.52381,1.69048,0.0238095,0.047619,5,0,0,1,0, 0.142857, 0.333333
433.milc,433.milc_10,1,3,0,0.666667,0.333333,1.33333,0,0,1,0,0,0.333333,0, 0.333333, 0
433.milc,433.milc_11,1,121,0.107438,0.0247934,0.752066,1.95868,0.0991736,0.00826446,4,0,0,1.20661,0, 0.0247934, 0.330579
433.milc,433.milc_12,2,21,0,0.047619,0.761905,1.85714,0.190476,0,4,0,0,1.14286,0, 0.0952381, 0.285714
433.milc,433.milc_13,1,3,0,0.666667,0.333333,1.33333,0,0,4,0,0,0.333333,0, 0.333333, 0
433.milc,433.milc_14,1,2,0,0.5,0,3.5,0,0,1,0,0,0.5,0, 0, 0
433.milc,433.milc_15,1,34,0,0.0294118,0.735294,1.73529,0.176471,0,1,0,0,1.38235,0, 0.0294118, 0.529412
433.milc,433.milc_16,1,34,0,0.0294118,0.735294,1.73529,0.176471,0,1,0,0,1.38235,0, 0.0294118, 0.529412
433.milc,433.milc_17,1,210,0,0.133333,0.571429,1.83333,0.114286,0.0190476,1,0,0,1.17143,0, 0.0047619, 0.452381
433.milc,433.milc_18,1,23,0,0.0434783,0.608696,1.52174,0.173913,0,5,0,2,1.21739,0, 0.0869565, 0.347826
433.milc,433.milc_19,1,10,0,0.1,0.7,1.4,0.2,0,9,0,0,1.2,0, 0.1, 0.4
433.milc,433.milc_20,1,22,0,0.0454545,0.681818,1.27273,0.272727,0,1,0,0,1.13636,0, 0.0454545, 0.409091
433.milc,433.milc_21,1,22,0,0.0454545,0.681818,1.27273,0.272727,0,1,0,0,1.13636,0, 0.0454545, 0.409091
433.milc,433.milc_22,1,22,0,0.0454545,0.681818,1.27273,0.272727,0,1,0,0,1.13636,0, 0.0454545, 0.409091
433.milc,433.milc_23,1,20,0,0.05,0.7,1.3,0.2,0,1,0,0,1.2,0, 0.05, 0.45
433.milc,433.milc_24,1,20,0,0.05,0.7,1.3,0.2,0,1,0,0,1.2,0, 0.05, 0.45
433.milc,433.milc_25,1,20,0,0.05,0.7,1.3,0.2,0,1,0,0,1.2,0, 0.05, 0.45
433.milc,433.milc_26,1,125,0,0.128,0.624,1.544,0.096,0.016,1,0,0,1.056,0, 0.072, 0.4
433.milc,433.milc_27,2,2,0,0.5,0,1,0,0,1,0,0,0,0, 0, 0
433.milc,433.milc_28,2,47,0,0.0638298,0.446809,1.55319,0.212766,0.0212766,1,0,0,0.914894,0, 0.0638298, 0.255319
433.milc,433.milc_29,1,59,0.0508475,0.237288,0.372881,1.71186,0.0338983,0.0508475,1,1,0,0.661017,0, 0.135593, 0.237288
433.milc,433.milc_30,2,60,0.05,0.0166667,0.583333,1.48333,0.266667,0,1,0,0,1.18333,0, 0.0333333, 0.383333
433.milc,433.milc_31,3,28,0.0714286,0.0357143,0.642857,1.5,0.178571,0,1,0,0,1.17857,0, 0.0357143, 0.428571
433.milc,433.milc_32,3,37,0.027027,0.027027,0.675676,1.48649,0.189189,0,1,0,0,1.18919,0, 0.027027, 0.459459
433.milc,433.milc_33,3,15,0,0.0666667,0.666667,1.46667,0.2,0,1,0,0,1.13333,0, 0, 0.466667
433.milc,433.milc_34,2,116,0.0344828,0.215517,0.551724,1.69828,0.0258621,0.0172414,1,0,0,0.948276,0, 0.137931, 0.353448
433.milc,433.milc_35,2,14,0,0.0714286,0.428571,1.5,0.428571,0,1,0,0,1.07143,0, 0, 0.285714
433.milc,433.milc_36,2,14,0,0.0714286,0.428571,1.5,0.428571,0,1,0,0,1.07143,0, 0, 0.285714
433.milc,433.milc_37,1,136,0.0147059,0.235294,0.544118,1.74265,0.0220588,0.0220588,1,0,0,0.926471,0, 0.198529, 0.279412
433.milc,433.milc_38,1,14,0,0.0714286,0.428571,1.5,0.428571,0,1,0,0,1.07143,0, 0, 0.285714
433.milc,433.milc_39,2,15,0,0.0666667,0.8,1.93333,0.133333,0,1,0,0,1.06667,0, 0.133333, 0.266667
433.milc,433.milc_40,1,10,0,0.2,0.5,1.3,0.3,0,4,0,0,1,0, 0.2, 0.2
433.milc,433.milc_41,2,15,0,0.0666667,0.8,1.93333,0.133333,0,1,0,0,1.06667,0, 0.133333, 0.266667
433.milc,433.milc_42,1,10,0,0.2,0.5,1.3,0.3,0,4,0,0,1,0, 0.2, 0.2
433.milc,433.milc_43,2,15,0,0.0666667,0.8,1.93333,0.133333,0,1,0,0,1.06667,0, 0.133333, 0.266667
433.milc,433.milc_44,1,10,0,0.2,0.5,1.3,0.3,0,4,0,0,1,0, 0.2, 0.2
433.milc,433.milc_45,1,25,0,0.04,0.56,1.44,0.36,0,1,0,0,1.2,0, 0.12, 0.32
433.milc,433.milc_46,1,25,0,0.04,0.56,1.44,0.36,0,1,0,0,1.2,0, 0.12, 0.32
433.milc,433.milc_47,1,25,0,0.04,0.56,1.44,0.36,0,1,0,0,1.2,0, 0.12, 0.32
433.milc,433.milc_48,1,27,0,0.037037,0.592593,1.37037,0.333333,0,1,0,0,1.2963,0, 0.111111, 0.37037
433.milc,433.milc_49,1,53,0.113208,0.0188679,0.754717,1.83019,0.113208,0,1,0,0,1.24528,0, 0.0377358, 0.377358
433.milc,433.milc_50,1,28,0,0.0357143,0.607143,1.39286,0.321429,0,4,0,0,1.32143,0, 0.107143, 0.392857
433.milc,433.milc_51,1,19,0,0.0526316,0.578947,1.36842,0.315789,0,1,0,0,1.26316,0, 0.105263, 0.368421
433.milc,433.milc_52,1,19,0,0.0526316,0.578947,1.36842,0.315789,0,1,0,0,1.26316,0, 0.105263, 0.368421
433.milc,433.milc_53,1,19,0,0.0526316,0.578947,1.36842,0.315789,0,1,0,0,1.26316,0, 0.105263, 0.368421
433.milc,433.milc_54,3,20,0,0.05,0.75,1.7,0.15,0,1,0,0,1.3,0, 0.1, 0.4
433.milc,433.milc_55,3,37,0.0540541,0.108108,0.540541,1.48649,0.189189,0.027027,1,0,0,1.16216,0, 0.0540541, 0.378378
433.milc,433.milc_56,2,53,0,0.0566038,0.566038,1.64151,0.226415,0,1,0,0,1.01887,0, 0.113208, 0.301887
433.milc,433.milc_57,1,3,0,0.666667,0.333333,1.33333,0,0,1,0,0,0.333333,0, 0.333333, 0
433.milc,433.milc_58,1,27,0,0.037037,0.592593,1.37037,0.148148,0,4,0,0,1.11111,0, 0, 0.444444
433.milc,433.milc_59,1,27,0,0.037037,0.592593,1.37037,0.148148,0,5,0,0,1.11111,0, 0, 0.444444
433.milc,433.milc_60,1,7,0,0.142857,0.428571,1.42857,0.285714,0,5,0,0,0.857143,0, 0, 0.285714
433.milc,433.milc_61,1,12,0,0.0833333,0.5,1.58333,0.166667,0,10,0,0,1.08333,0, 0, 0.333333
433.milc,433.milc_62,1,12,0,0.0833333,0.5,1.58333,0.166667,0,5,0,0,1.08333,0, 0, 0.333333
433.milc,433.milc_63,1,146,0,0.00684932,0.630137,1.39041,0.315068,0,5,0,0,1.17123,0, 0.0136986, 0.445205
433.milc,433.milc_64,1,7,0,0.142857,0.428571,1.57143,0.142857,0,1,0,0,1,0, 0, 0.285714
433.milc,433.milc_65,1,7,0,0.142857,0.428571,1.57143,0.142857,0,5,0,0,1,0, 0, 0.285714
433.milc,433.milc_66,1,12,0,0.0833333,0.5,1.58333,0.166667,0,5,0,0,1.08333,0, 0, 0.333333
433.milc,433.milc_67,1,30,0,0.0333333,0.5,1.7,0.266667,0,5,0,2,1.13333,0, 0.0333333, 0.266667
433.milc,433.milc_68,1,29,0,0.0344828,0.517241,1.68966,0.275862,0,5,0,2,1.13793,0, 0.0344828, 0.275862
433.milc,433.milc_69,1,35,0,0.0285714,0.628571,1.62857,0.228571,0,5,0,0,1.2,0, 0.0571429, 0.342857
433.milc,433.milc_70,1,28,0,0.0357143,0.642857,1.82143,0.142857,0,1,0,2,1.32143,0, 0.0714286, 0.428571
433.milc,433.milc_71,1,146,0,0.00684932,0.630137,1.39041,0.315068,0,5,0,0,1.17123,0, 0.0136986, 0.445205
433.milc,433.milc_72,1,8,0,0.125,0.5,1.375,0.125,0,1,0,0,1,0, 0, 0.375
433.milc,433.milc_73,1,8,0,0.125,0.5,1.375,0.125,0,5,0,0,1,0, 0, 0.375
433.milc,433.milc_74,1,7,0,0.142857,0.571429,1.28571,0.142857,0,5,0,0,1,0, 0, 0.428571
433.milc,433.milc_75,1,7,0,0.142857,0.571429,1.28571,0.142857,0,5,0,0,1,0, 0, 0.428571
433.milc,433.milc_76,1,66,0,0.0606061,0.5,1.65152,0.242424,0.0151515,5,0,2,1.10606,0, 0.0151515, 0.30303
433.milc,433.milc_77,1,64,0,0.0625,0.515625,1.64062,0.25,0.015625,5,0,2,1.10938,0, 0.015625, 0.3125
433.milc,433.milc_78,1,35,0,0.0285714,0.628571,1.62857,0.228571,0,5,0,0,1.2,0, 0.0571429, 0.342857
433.milc,433.milc_79,1,32,0,0.125,0.65625,1.65625,0.125,0.03125,1,0,1,1.21875,0, 0.03125, 0.5
433.milc,433.milc_80,1,32,0,0.125,0.65625,1.65625,0.125,0.03125,5,0,1,1.21875,0, 0.03125, 0.5
433.milc,433.milc_81,1,13,0,0.0769231,0.461538,1.46154,0.307692,0,5,0,0,1.07692,0, 0, 0.307692
433.milc,433.milc_82,1,12,0,0.0833333,0.5,1.58333,0.166667,0,5,0,0,1.08333,0, 0, 0.333333
433.milc,433.milc_83,1,12,0,0.0833333,0.5,1.58333,0.166667,0,5,0,0,1.08333,0, 0, 0.333333
433.milc,433.milc_84,1,72,0,0.0138889,0.652778,1.36111,0.291667,0,5,0,0,1.19444,0, 0, 0.472222
433.milc,433.milc_85,1,7,0,0.142857,0.428571,1.57143,0.142857,0,1,0,0,1,0, 0, 0.285714
433.milc,433.milc_86,1,7,0,0.142857,0.428571,1.57143,0.142857,0,5,0,0,1,0, 0, 0.285714
433.milc,433.milc_87,1,73,0,0.0136986,0.657534,1.38356,0.273973,0,5,0,0,1.17808,0, 0.0273973, 0.465753
433.milc,433.milc_88,1,12,0,0.0833333,0.5,1.58333,0.166667,0,1,0,0,1.08333,0, 0, 0.333333
433.milc,433.milc_89,1,21,0,0.047619,0.52381,1.7619,0.190476,0,5,0,2,1.2381,0, 0.047619, 0.333333
433.milc,433.milc_90,1,20,0,0.05,0.55,1.75,0.2,0,5,0,2,1.25,0, 0.05, 0.35
433.milc,433.milc_91,1,65,0,0.0153846,0.738462,1.67692,0.184615,0,5,0,0,1.32308,0, 0.0307692, 0.4
433.milc,433.milc_92,1,30,0,0.0333333,0.6,1.76667,0.2,0,1,0,2,1.3,0, 0.0666667, 0.4
433.milc,433.milc_93,1,17,0,0.0588235,0.470588,1.58824,0.352941,0,5,0,0,1.05882,0, 0.117647, 0.235294
433.milc,433.milc_94,1,72,0,0.0138889,0.652778,1.36111,0.291667,0,5,0,0,1.16667,0, 0, 0.472222
433.milc,433.milc_95,1,8,0,0.125,0.5,1.375,0.125,0,1,0,0,1,0, 0, 0.375
433.milc,433.milc_96,1,8,0,0.125,0.5,1.375,0.125,0,5,0,0,1,0, 0, 0.375
433.milc,433.milc_97,1,73,0,0.0136986,0.657534,1.38356,0.273973,0,5,0,0,1.16438,0, 0.0273973, 0.465753
433.milc,433.milc_98,1,14,0,0.0714286,0.571429,1.35714,0.142857,0,1,0,0,1.07143,0, 0, 0.428571
433.milc,433.milc_99,1,50,0,0.08,0.5,1.7,0.16,0.02,5,0,2,1.14,0, 0.02, 0.36
433.milc,433.milc_100,1,46,0,0.0869565,0.543478,1.67391,0.173913,0.0217391,5,0,2,1.15217,0, 0.0217391, 0.391304
433.milc,433.milc_101,1,57,0,0.0175439,0.701754,1.49123,0.210526,0,5,0,0,1.22807,0, 0.0350877, 0.45614
433.milc,433.milc_102,1,68,0,0.0588235,0.602941,1.66176,0.176471,0.0147059,1,0,2,1.25,0, 0.0294118, 0.455882
433.milc,433.milc_103,1,18,0,0.0555556,0.444444,1.61111,0.333333,0,5,0,0,0.944444,0, 0.111111, 0.222222
433.milc,433.milc_104,2,53,0.0377358,0.0188679,0.509434,1.73585,0.283019,0,5,0,0,1.26415,0, 0.113208, 0.207547
433.milc,433.milc_105,2,25,0.04,0.04,0.52,1.8,0.24,0,1,0,0,1.24,0, 0.12, 0.2
433.milc,433.milc_106,1,76,0.0789474,0.0921053,0.552632,1.67105,0.118421,0.0131579,1,0,0,1.09211,0, 0.131579, 0.368421
433.milc,433.milc_107,2,19,0,0.157895,0.578947,1.73684,0.157895,0.0526316,2,0,0,1.05263,0, 0, 0.421053
433.milc,433.milc_108,1,3,0,0.666667,0.333333,1.33333,0,0,4,0,0,0.333333,0, 0.333333, 0
433.milc,433.milc_109,10,35,0,0.0857143,0.6,1.65714,0.2,0.0285714,2,0,3,1.22857,0, 0.0857143, 0.314286
433.milc,433.milc_110,10,15,0,0.0666667,0.666667,1.6,0.266667,0,5,0,1,1.2,0, 0.0666667, 0.333333
433.milc,433.milc_111,10,10,0,0.3,0.5,1.6,0.1,0.1,1,0,0,0.9,0, 0.1, 0.3
433.milc,433.milc_112,10,15,0,0.0666667,0.666667,1.6,0.266667,0,1,0,1,1.2,0, 0.0666667, 0.333333
433.milc,433.milc_113,9,33,0,0.242424,0.575758,1.72727,0.0606061,0.0606061,1,0,0,0.969697,0, 0.242424, 0.242424
433.milc,433.milc_114,8,4,0,0.5,0.5,1.75,0,0,1,0,0,0.5,0, 0.25, 0
433.milc,433.milc_115,7,4,0,0.5,0.5,1.75,0,0,1,0,0,0.5,0, 0.25, 0
433.milc,433.milc_116,6,4,0,0.5,0.5,1.75,0,0,1,0,0,0.5,0, 0.25, 0
433.milc,433.milc_117,5,41,0,0.219512,0.634146,2.09756,0,0.0243902,1,0,0,1.07317,0, 0.0243902, 0.292683
433.milc,433.milc_118,4,4,0,0.5,0.5,1.75,0,0,1,0,0,0.5,0, 0.25, 0
433.milc,433.milc_119,3,4,0,0.5,0.5,1.75,0,0,1,0,0,0.5,0, 0.25, 0
433.milc,433.milc_120,2,4,0,0.5,0.5,1.75,0,0,1,0,0,0.5,0, 0.25, 0
433.milc,433.milc_121,1,10,0,0.2,0.7,1.7,0.1,0,1,0,0,0.9,0, 0.3, 0.2
433.milc,433.milc_122,2,8,0,0.125,0.625,1.625,0.25,0,1,0,0,1,0, 0.125, 0.25
433.milc,433.milc_123,1,15,0,0.133333,0.666667,1.6,0.2,0,2,0,1,0.933333,0, 0.2, 0.266667
433.milc,433.milc_124,1,29,0,0.103448,0.655172,1.51724,0.0689655,0.0344828,4,0,0,1.27586,0, 0.137931, 0.448276
433.milc,433.milc_125,1,9,0,0.111111,0.555556,1.55556,0.111111,0,1,0,0,1.22222,0, 0.111111, 0.333333
433.milc,433.milc_126,1,14,0,0.0714286,0.571429,1.5,0.142857,0,1,0,0,1.21429,0, 0.0714286, 0.357143
433.milc,433.milc_127,1,31,0,0.0967742,0.677419,1.41935,0.0645161,0.0322581,1,0,0,1.25806,0, 0.129032, 0.483871
433.milc,433.milc_128,1,12,0,0.0833333,0.666667,1.33333,0.0833333,0,1,0,0,1.16667,0, 0.0833333, 0.5
433.milc,433.milc_129,1,4,0,0.25,0.5,1.5,0,0,1,0,0,1,0, 0.25, 0.25
433.milc,433.milc_130,4,17,0.176471,0.0588235,0.647059,1.52941,0.117647,0,1,0,0,1.29412,0, 0.117647, 0.411765
433.milc,433.milc_131,3,34,0.0882353,0.0588235,0.617647,1.82353,0.117647,0,1,0,0,1.20588,0, 0.205882, 0.235294
433.milc,433.milc_132,2,14,0,0.142857,0.642857,1.71429,0.142857,0,1,0,0,1,0, 0.142857, 0.285714
433.milc,433.milc_133,1,8,0,0.25,0.625,1.5,0.125,0,1,0,0,0.875,0, 0.25, 0.25
433.milc,433.milc_134,4,21,0,0.047619,0.52381,2,0.238095,0,4,0,0,1.14286,0, 0.0952381, 0.142857
433.milc,433.milc_135,3,3,0,0.666667,0.333333,1.33333,0,0,4,0,0,0.333333,0, 0.333333, 0
433.milc,433.milc_136,2,3,0,0.666667,0.333333,1.33333,0,0,4,0,0,0.333333,0, 0.333333, 0
433.milc,433.milc_137,4,51,0,0.0784314,0.568627,1.64706,0.215686,0.0196078,1,0,2,1.17647,0, 0.0392157, 0.313725
433.milc,433.milc_138,5,14,0,0.0714286,0.571429,1.57143,0.142857,0,1,0,1,1.28571,0, 0.0714286, 0.357143
433.milc,433.milc_139,5,18,0,0.0555556,0.5,1.61111,0.111111,0,1,0,1,1.27778,0, 0.0555556, 0.333333
433.milc,433.milc_140,5,16,0,0.0625,0.75,2.0625,0.0625,0,1,0,0,1.25,0, 0.0625, 0.375
433.milc,433.milc_141,4,45,0,0.244444,0.511111,1.68889,0.0888889,0.0666667,1,0,0,1.02222,0, 0.111111, 0.288889
433.milc,433.milc_142,3,8,0,0.375,0.5,1.5,0,0,1,0,0,0.75,0, 0.375, 0.125
433.milc,433.milc_143,2,8,0,0.25,0.625,1.5,0.125,0,1,0,0,0.875,0, 0.25, 0.25
433.milc,433.milc_144,2,32,0,0.03125,0.65625,1.78125,0.1875,0,4,0,0,1.34375,0, 0.03125, 0.375
433.milc,433.milc_145,1,12,0,0.333333,0.666667,1.5,0,0,1,0,0,0.666667,0, 0.5, 0.166667
433.milc,433.milc_146,3,5,0,0.2,0.6,1.6,0.2,0,5,0,0,1,0, 0.2, 0.2
433.milc,433.milc_147,4,24,0.166667,0.0416667,0.666667,1.54167,0.125,0,2,0,1,1.33333,0, 0.125, 0.416667
433.milc,433.milc_148,3,38,0.105263,0.0526316,0.631579,1.86842,0.105263,0,1,0,1,1.21053,0, 0.184211, 0.236842
433.milc,433.milc_149,3,13,0.0769231,0.230769,0.384615,1.61538,0.153846,0.0769231,1,0,0,0.846154,0, 0, 0.307692
433.milc,433.milc_150,3,16,0,0.1875,0.5,1.6875,0.1875,0.0625,2,0,0,0.9375,0, 0, 0.3125
433.milc,433.milc_151,2,40,0,0.275,0.475,1.8,0.05,0.025,1,0,0,0.775,0, 0.125, 0.25
433.milc,433.milc_152,1,8,0,0.25,0.625,1.5,0.125,0,1,0,0,0.875,0, 0.25, 0.25
433.milc,433.milc_153,1,11,0,0.272727,0.454545,1.54545,0.0909091,0.0909091,4,0,0,0.818182,0, 0, 0.363636
433.milc,433.milc_154,3,45,0.0444444,0.0222222,0.755556,1.75556,0.177778,0,1,0,0,1.2,0, 0.0444444, 0.355556
433.milc,433.milc_155,3,49,0.0408163,0.0204082,0.693878,1.69388,0.244898,0,4,0,0,1.18367,0, 0.0408163, 0.326531
433.milc,433.milc_156,2,54,0,0.203704,0.5,1.46296,0.203704,0.037037,4,0,0,0.944444,0, 0.0555556, 0.333333
433.milc,433.milc_157,1,10,0,0.5,0.3,1.5,0,0.1,5,0,0,0.6,0, 0.1, 0.2
433.milc,433.milc_158,3,45,0.0444444,0.0222222,0.755556,1.75556,0.177778,0,1,0,0,1.2,0, 0.0444444, 0.355556
433.milc,433.milc_159,3,49,0.0408163,0.0204082,0.693878,1.69388,0.244898,0,4,0,0,1.18367,0, 0.0408163, 0.326531
433.milc,433.milc_160,2,50,0,0.22,0.5,1.52,0.18,0.04,4,0,0,0.94,0, 0.06, 0.32
433.milc,433.milc_161,1,10,0,0.5,0.3,1.5,0,0.1,5,0,0,0.6,0, 0.1, 0.2
433.milc,433.milc_162,1,42,0,0.238095,0.380952,1.42857,0.190476,0.047619,1,0,0,0.785714,0, 0, 0.285714
433.milc,433.milc_163,2,9,0,0.111111,0.666667,1.88889,0.111111,0,1,0,0,1.33333,0, 0, 0.444444
433.milc,433.milc_164,2,13,0,0.0769231,0.615385,1.53846,0.230769,0,5,0,0,1.23077,0, 0, 0.461538
433.milc,433.milc_165,2,46,0,0.0869565,0.586957,1.5,0.26087,0.0217391,5,0,0,1.19565,0, 0, 0.369565
433.milc,433.milc_166,2,45,0,0.0888889,0.555556,1.53333,0.222222,0.0222222,1,0,0,1.28889,0, 0, 0.422222
433.milc,433.milc_167,1,377,0.0795756,0.0371353,0.636605,1.72679,0.190981,0.00530504,1,0,0,1.19629,0, 0.0769231, 0.30504
433.milc,433.milc_168,1,9,0,0.333333,0.444444,1.55556,0,0.111111,1,0,0,1,0, 0.111111, 0.333333
433.milc,433.milc_169,2,56,0.0357143,0.0535714,0.571429,1.78571,0.178571,0.0178571,5,0,0,1.23214,0, 0.142857, 0.25
433.milc,433.milc_170,1,10,0,0.5,0.3,1.5,0,0.1,5,0,0,0.6,0, 0.1, 0.2
433.milc,433.milc_171,2,27,0,0.037037,0.555556,1.66667,0.296296,0,1,0,2,1.14815,0, 0.037037, 0.296296
433.milc,433.milc_172,2,6,0,0.166667,0.5,1.5,0.166667,0,5,0,0,1,0, 0, 0.333333
433.milc,433.milc_173,3,43,0,0.162791,0.488372,1.44186,0.232558,0.0465116,5,0,0,0.953488,0, 0, 0.348837
433.milc,433.milc_174,3,23,0,0.173913,0.521739,1.56522,0.173913,0.0434783,1,0,0,1,0, 0, 0.347826
433.milc,433.milc_175,2,79,0,0.151899,0.531646,1.62025,0.126582,0.0253165,1,0,2,1.01266,0, 0.0759494, 0.341772
433.milc,433.milc_176,1,50,0.02,0.08,0.8,1.88,0,0,5,0,0,1.52,0, 0.12, 0.68
433.milc,433.milc_177,1,31,0.0645161,0.193548,0.548387,1.74194,0,0.0967742,3,0,0,1.25806,0, 0.0645161, 0.483871
433.milc,433.milc_178,1,0,0,0,0,0,0,0,1,0,0,0,0, 0, 0
433.milc,433.milc_179,2,23,0,0.0434783,0.782609,2.04348,0.0869565,0,1,0,0,1.13043,0, 0.0869565, 0.26087
433.milc,433.milc_180,1,3,0,0.666667,0.333333,1.33333,0,0,4,0,0,0.333333,0, 0.333333, 0
433.milc,433.milc_181,2,73,0.0273973,0.0136986,0.821918,2.06849,0.109589,0,1,0,0,1.23288,0, 0, 0.383562
433.milc,433.milc_182,1,21,0,0.0952381,0.619048,1.71429,0.190476,0,4,0,0,1,0, 0.047619, 0.380952
433.milc,433.milc_183,4,53,0,0.0754717,0.528302,1.92453,0.226415,0.0188679,1,0,0,1.15094,0, 0.0754717, 0.188679
433.milc,433.milc_184,3,3,0,0.666667,0.333333,1.33333,0,0,4,0,0,0.333333,0, 0.333333, 0
433.milc,433.milc_185,2,3,0,0.666667,0.333333,1.33333,0,0,4,0,0,0.333333,0, 0.333333, 0
433.milc,433.milc_186,1,3,0,0.666667,0.333333,1.33333,0,0,5,0,0,0.333333,0, 0.333333, 0
433.milc,433.milc_187,4,24,0,0.0416667,0.541667,1.95833,0.25,0,1,0,0,1.16667,0, 0.0833333, 0.166667
433.milc,433.milc_188,3,3,0,0.666667,0.333333,1.33333,0,0,4,0,0,0.333333,0, 0.333333, 0
433.milc,433.milc_189,2,91,0,0.021978,0.758242,2,0.175824,0,4,0,0,1.10989,0, 0.0769231, 0.241758
433.milc,433.milc_190,1,3,0,0.666667,0.333333,1.33333,0,0,5,0,0,0.333333,0, 0.333333, 0
433.milc,433.milc_191,1,18,0,0.166667,0.5,2.05556,0,0.0555556,1,0,0,1,0, 0.0555556, 0.333333
433.milc,433.milc_192,1,18,0,0.166667,0.5,2.05556,0,0.0555556,1,0,0,1,0, 0.0555556, 0.333333
433.milc,433.milc_193,1,14,0,0.214286,0.428571,1.85714,0,0.0714286,1,0,0,0.928571,0, 0.0714286, 0.357143
433.milc,433.milc_194,1,12,0,0.166667,0.583333,1.66667,0.0833333,0.0833333,1,0,0,1.08333,0, 0, 0.416667
433.milc,433.milc_195,1,74,0,0.189189,0.472973,1.77027,0.108108,0.0405405,1,0,0,1.01351,0, 0.0810811, 0.283784
433.milc,433.milc_196,1,17,0,0.0588235,0.705882,1.47059,0.117647,0,1,0,0,1.05882,0, 0, 0.470588
433.milc,433.milc_197,1,60,0,0.25,0.416667,1.7,0.0666667,0.0166667,1,0,0,1,0, 0, 0.416667
433.milc,433.milc_198,1,11,0,0.272727,0.363636,1.72727,0.0909091,0.0909091,1,0,0,0.909091,0, 0, 0.272727
433.milc,433.milc_199,1,7,0,0.142857,0.714286,1.71429,0.142857,0,1,0,0,1,0, 0.142857, 0.285714
433.milc,433.milc_200,5,15,0,0.0666667,0.533333,1.8,0.333333,0,1,0,0,1.13333,0, 0, 0.266667
433.milc,433.milc_201,5,49,0,0.102041,0.612245,1.65306,0.0816327,0.0204082,5,0,0,1.18367,0, 0.122449, 0.408163
433.milc,433.milc_202,4,128,0,0.1875,0.492188,1.78125,0.101562,0.015625,145,0,0,1.04688,0, 0.0703125, 0.34375
433.milc,433.milc_203,3,3,0,0.666667,0.333333,1.33333,0,0,1,0,0,0.333333,0, 0.333333, 0
433.milc,433.milc_204,2,3,0,0.666667,0.333333,1.33333,0,0,1,0,0,0.333333,0, 0.333333, 0
433.milc,433.milc_205,1,3,0,0.666667,0.333333,1.33333,0,0,1,0,0,0.333333,0, 0.333333, 0
433.milc,433.milc_206,1,8,0,0.125,0.625,1.75,0.125,0,1,0,0,1,0, 0, 0.375
433.milc,433.milc_207,1,37,0,0.189189,0.513514,2,0.108108,0.027027,5,0,0,1.10811,0, 0, 0.351351
433.milc,433.milc_208,1,23,0,0.130435,0.565217,2.04348,0.130435,0.0434783,5,0,0,1.17391,0, 0, 0.347826
433.milc,433.milc_209,1,8,0,0.125,0.625,1.75,0.125,0,1,0,0,1,0, 0, 0.375
433.milc,433.milc_210,1,8,0,0.125,0.625,1.75,0.125,0,5,0,0,1,0, 0, 0.375
433.milc,433.milc_211,1,11,0,0.0909091,0.727273,1.63636,0.181818,0,5,0,1,1.18182,0, 0.0909091, 0.363636
433.milc,433.milc_212,2,45,0,0.111111,0.577778,1.62222,0.0888889,0.0222222,5,0,0,1.2,0, 0.133333, 0.4
433.milc,433.milc_213,1,193,0,0.124352,0.585492,1.67358,0.103627,0.015544,145,0,0,1.10363,0, 0.11399, 0.373057
433.milc,433.milc_214,3,18,0,0.0555556,0.722222,1.5,0.166667,0,1,0,0,1.27778,0, 0.166667, 0.388889
433.milc,433.milc_215,4,48,0,0.0208333,0.625,1.77083,0.208333,0,13,0,2,1.27083,0, 0.0416667, 0.291667
433.milc,433.milc_216,3,3,0,0.666667,0.333333,1.33333,0,0,4,0,0,0.333333,0, 0.333333, 0
433.milc,433.milc_217,2,10,0,0.3,0.5,1.7,0.1,0,4,0,0,0.8,0, 0.2, 0.1
433.milc,433.milc_218,2,45,0,0.111111,0.577778,1.62222,0.0888889,0.0222222,5,0,0,1.2,0, 0.133333, 0.4
433.milc,433.milc_219,1,145,0,0.124138,0.572414,1.70345,0.103448,0.0137931,145,0,0,1.10345,0, 0.131034, 0.365517
433.milc,433.milc_220,1,36,0,0.0277778,0.638889,1.52778,0.138889,0,1,0,0,1.16667,0, 0.0833333, 0.416667
433.milc,433.milc_221,4,49,0,0.102041,0.612245,1.65306,0.0816327,0.0204082,1,0,0,1.18367,0, 0.122449, 0.408163
433.milc,433.milc_222,6,27,0,0.037037,0.740741,1.74074,0.222222,0,145,0,0,1.18519,0, 0.0740741, 0.296296
433.milc,433.milc_223,5,3,0,0.666667,0.333333,1.33333,0,0,4,0,0,0.333333,0, 0.333333, 0
433.milc,433.milc_224,4,3,0,0.666667,0.333333,1.33333,0,0,4,0,0,0.333333,0, 0.333333, 0
433.milc,433.milc_225,3,232,0,0.0818966,0.581897,1.71552,0.125,0.012931,4097,0,0,1.18103,0, 0.12931, 0.353448
433.milc,433.milc_226,2,4,0,0.5,0.5,1.25,0,0,1,0,0,0.75,0, 0.25, 0.25
433.milc,433.milc_227,1,4,0,0.5,0.25,1.25,0,0,1,0,0,0.25,0, 0.25, 0
433.milc,433.milc_228,3,27,0,0.037037,0.740741,1.74074,0.222222,0,1,0,0,1.18519,0, 0.0740741, 0.296296
433.milc,433.milc_229,2,3,0,0.666667,0.333333,1.33333,0,0,4,0,0,0.333333,0, 0.333333, 0
433.milc,433.milc_230,1,3,0,0.666667,0.333333,1.33333,0,0,4,0,0,0.333333,0, 0.333333, 0
433.milc,433.milc_231,2,49,0,0.102041,0.612245,1.65306,0.0816327,0.0204082,4097,0,0,1.18367,0, 0.122449, 0.408163
433.milc,433.milc_232,1,61,0,0.114754,0.508197,1.7377,0.147541,0.0327869,145,0,0,1.03279,0, 0.0655738, 0.327869
433.milc,433.milc_233,4,45,0,0.111111,0.577778,1.62222,0.0888889,0.0222222,1,0,0,1.2,0, 0.133333, 0.4
433.milc,433.milc_234,3,255,0,0.0980392,0.580392,1.76078,0.137255,0.0156863,145,0,0,1.12941,0, 0.0901961, 0.34902
433.milc,433.milc_235,2,4,0,0.5,0.5,1.25,0,0,1,0,0,0.75,0, 0.25, 0.25
433.milc,433.milc_236,1,4,0,0.5,0.25,1.25,0,0,1,0,0,0.25,0, 0.25, 0
433.milc,433.milc_237,5,15,0,0.0666667,0.533333,1.8,0.333333,0,1,0,0,1.13333,0, 0, 0.266667
433.milc,433.milc_238,7,30,0,0.1,0.566667,1.96667,0.2,0.0333333,5,0,0,1.13333,0, 0, 0.233333
433.milc,433.milc_239,6,3,0,0.666667,0.333333,1.33333,0,0,4,0,0,0.333333,0, 0.333333, 0
433.milc,433.milc_240,5,3,0,0.666667,0.333333,1.33333,0,0,4,0,0,0.333333,0, 0.333333, 0
433.milc,433.milc_241,5,15,0,0.0666667,0.533333,1.8,0.333333,0,5,0,0,1.13333,0, 0, 0.266667
433.milc,433.milc_242,4,47,0,0.255319,0.531915,1.76596,0.0425532,0.0212766,5,0,0,1.06383,0, 0.12766, 0.361702
433.milc,433.milc_243,3,3,0,0.666667,0.333333,1.33333,0,0,1,0,0,0.333333,0, 0.333333, 0
433.milc,433.milc_244,2,3,0,0.666667,0.333333,1.33333,0,0,1,0,0,0.333333,0, 0.333333, 0
433.milc,433.milc_245,1,3,0,0.666667,0.333333,1.33333,0,0,1,0,0,0.333333,0, 0.333333, 0
433.milc,433.milc_246,5,15,0,0.0666667,0.533333,1.8,0.333333,0,1,0,0,1.13333,0, 0, 0.266667
433.milc,433.milc_247,5,15,0,0.0666667,0.533333,1.8,0.333333,0,5,0,0,1.13333,0, 0, 0.266667
433.milc,433.milc_248,7,32,0,0.09375,0.59375,1.90625,0.1875,0.03125,5,0,0,1.125,0, 0, 0.28125
433.milc,433.milc_249,6,3,0,0.666667,0.333333,1.33333,0,0,4,0,0,0.333333,0, 0.333333, 0
433.milc,433.milc_250,5,3,0,0.666667,0.333333,1.33333,0,0,4,0,0,0.333333,0, 0.333333, 0
433.milc,433.milc_251,4,75,0,0.266667,0.48,1.81333,0.0533333,0.0266667,5,0,0,1.01333,0, 0.0933333, 0.333333
433.milc,433.milc_252,3,3,0,0.666667,0.333333,1.33333,0,0,1,0,0,0.333333,0, 0.333333, 0
433.milc,433.milc_253,2,3,0,0.666667,0.333333,1.33333,0,0,1,0,0,0.333333,0, 0.333333, 0
433.milc,433.milc_254,1,3,0,0.666667,0.333333,1.33333,0,0,1,0,0,0.333333,0, 0.333333, 0
433.milc,433.milc_255,5,15,0,0.0666667,0.533333,1.8,0.333333,0,1,0,0,1.13333,0, 0, 0.266667
433.milc,433.milc_256,7,56,0,0.0178571,0.571429,1.69643,0.142857,0,5,0,0,1.26786,0, 0.0357143, 0.321429
433.milc,433.milc_257,6,3,0,0.666667,0.333333,1.33333,0,0,4,0,0,0.333333,0, 0.333333, 0
433.milc,433.milc_258,5,3,0,0.666667,0.333333,1.33333,0,0,3,0,0,0.333333,0, 0.333333, 0
433.milc,433.milc_259,7,60,0,0.0166667,0.6,1.71667,0.133333,0,5,0,0,1.25,0, 0.0333333, 0.333333
433.milc,433.milc_260,6,3,0,0.666667,0.333333,1.33333,0,0,4,0,0,0.333333,0, 0.333333, 0
433.milc,433.milc_261,5,3,0,0.666667,0.333333,1.33333,0,0,3,0,0,0.333333,0, 0.333333, 0
433.milc,433.milc_262,4,81,0,0.246914,0.493827,1.79012,0.0617284,0.0246914,5,0,0,1.02469,0, 0.0987654, 0.333333
433.milc,433.milc_263,3,3,0,0.666667,0.333333,1.33333,0,0,1,0,0,0.333333,0, 0.333333, 0
433.milc,433.milc_264,2,3,0,0.666667,0.333333,1.33333,0,0,1,0,0,0.333333,0, 0.333333, 0
433.milc,433.milc_265,1,31,0,0.258065,0.322581,1.70968,0.0967742,0.0645161,1,0,0,0.870968,0, 0.0645161, 0.258065
433.milc,433.milc_266,1,27,0,0.259259,0.37037,1.85185,0.0740741,0.037037,1,0,0,0.888889,0, 0.037037, 0.259259
433.milc,433.milc_267,4,45,0,0.0222222,0.755556,1.71111,0.177778,0,1,0,0,1.28889,0, 0.133333, 0.355556
433.milc,433.milc_268,3,3,0,0.666667,0.333333,1.33333,0,0,4,0,0,0.333333,0, 0.333333, 0
433.milc,433.milc_269,2,21,0.047619,0.0952381,0.619048,1.7619,0.0952381,0,3,0,2,1.14286,0, 0.190476, 0.190476
433.milc,433.milc_270,1,3,0,0.666667,0.333333,1.33333,0,0,5,0,0,0.333333,0, 0.333333, 0
433.milc,433.milc_271,1,19,0,0.0526316,0.684211,1.78947,0.210526,0,1,0,0,1.26316,0, 0, 0.368421
433.milc,433.milc_272,2,21,0,0.190476,0.52381,1.66667,0.142857,0.0952381,4,0,0,1,0, 0.047619, 0.333333
433.milc,433.milc_273,2,14,0,0.214286,0.5,1.71429,0.142857,0.142857,5,0,0,1,0, 0, 0.357143
433.milc,433.milc_274,2,8,0,0.25,0.5,1.625,0.125,0.125,1,0,0,1,0, 0, 0.375
433.milc,433.milc_275,1,23,0,0.478261,0.26087,1.65217,0,0.0869565,1,0,0,0.521739,0, 0.173913, 0.0869565
433.milc,433.milc_276,1,195,0.112821,0.00512821,0.841026,1.78974,0.0410256,0,1,0,0,1.33333,0, 0.184615, 0.410256
433.milc,433.milc_277,1,403,0.163772,0.00248139,0.833747,1.86352,0,0,4,0,0,1.32506,0, 0.163772, 0.401985
433.milc,433.milc_278,1,408,0.161765,0.00245098,0.833333,1.86029,0.00245098,0,5,0,0,1.32598,0, 0.164216, 0.401961
433.milc,433.milc_279,1,475,0.138947,0.00210526,0.808421,1.93474,0.0505263,0,5,0,0,1.27579,0, 0.0884211, 0.366316
433.milc,433.milc_280,2,219,0.100457,0.00456621,0.821918,1.77626,0.0730594,0,4,0,0,1.33333,0, 0.164384, 0.401826
433.milc,433.milc_281,1,3,0,0.666667,0.333333,1.33333,0,0,4,0,0,0.333333,0, 0.333333, 0
433.milc,433.milc_282,2,219,0.100457,0.00456621,0.821918,1.77626,0.0730594,0,4,0,0,1.33333,0, 0.164384, 0.401826
433.milc,433.milc_283,1,3,0,0.666667,0.333333,1.33333,0,0,4,0,0,0.333333,0, 0.333333, 0
433.milc,433.milc_284,1,195,0.112821,0.00512821,0.841026,1.78974,0.0410256,0,4,0,0,1.33333,0, 0.184615, 0.410256
433.milc,433.milc_285,2,199,0.120603,0.00502513,0.834171,1.78392,0.040201,0,4,0,0,1.33668,0, 0.180905, 0.41206
433.milc,433.milc_286,1,22,0,0.318182,0.636364,1.72727,0.0454545,0,4,0,0,1,0, 0.272727, 0.318182
433.milc,433.milc_287,1,15,0,0.0666667,0.8,1.93333,0.133333,0,5,0,0,1.06667,0, 0.133333, 0.266667
433.milc,433.milc_288,4,104,0,0.0576923,0.663462,1.59615,0.125,0.00961538,4,0,0,1.14423,0, 0.0769231, 0.413462
433.milc,433.milc_289,3,3,0,0.666667,0.333333,1.33333,0,0,1,0,0,0.333333,0, 0.333333, 0
433.milc,433.milc_290,2,3,0,0.666667,0.333333,1.33333,0,0,1,0,0,0.333333,0, 0.333333, 0
433.milc,433.milc_291,1,3,0,0.666667,0.333333,1.33333,0,0,1,0,0,0.333333,0, 0.333333, 0
433.milc,433.milc_292,1,19,0,0.157895,0.421053,1.68421,0.210526,0.0526316,1,0,0,0.789474,0, 0.0526316, 0.263158
433.milc,433.milc_293,1,32,0.0625,0.03125,0.46875,1.4375,0.375,0,17,0,0,1.21875,0, 0, 0.3125
433.milc,433.milc_294,2,119,0.0672269,0.0672269,0.647059,1.77311,0.168067,0.0168067,1,0,0,1.19328,0, 0.0336134, 0.344538
433.milc,433.milc_295,1,14,0.0714286,0.142857,0.5,1.42857,0.214286,0,4,0,0,1.07143,0, 0.214286, 0.214286
433.milc,433.milc_296,1,14,0.0714286,0.0714286,0.571429,1.71429,0.214286,0,1,0,0,1.21429,0, 0, 0.357143
433.milc,433.milc_297,1,10,0,0.1,0.6,1.5,0.2,0,1,0,0,1,0, 0, 0.4
433.milc,433.milc_298,1,8,0,0.125,0.625,1.625,0.125,0,1,0,0,1.125,0, 0, 0.375
433.milc,433.milc_299,1,8,0,0.125,0.625,1.625,0.125,0,1,0,0,1.125,0, 0, 0.375
433.milc,433.milc_300,1,12,0,0.0833333,0.583333,1.33333,0.25,0,1,0,0,1.08333,0, 0, 0.416667
433.milc,433.milc_301,2,12,0,0.0833333,0.583333,1.33333,0.25,0,1,0,0,1.08333,0, 0, 0.416667
433.milc,433.milc_302,2,20,0,0.05,0.65,1.6,0.2,0,1,0,0,1.15,0, 0, 0.4
433.milc,433.milc_303,2,17,0,0.0588235,0.705882,1.64706,0.176471,0,1,0,0,1.23529,0, 0, 0.411765
433.milc,433.milc_304,2,19,0,0.0526316,0.684211,1.57895,0.210526,0,1,0,0,1.15789,0, 0, 0.421053
433.milc,433.milc_305,2,12,0,0.0833333,0.583333,1.33333,0.25,0,1,0,0,1.08333,0, 0, 0.416667
433.milc,433.milc_306,2,22,0,0.0454545,0.636364,1.5,0.227273,0,1,0,0,1.18182,0, 0, 0.409091
433.milc,433.milc_307,2,17,0,0.0588235,0.705882,1.64706,0.176471,0,1,0,0,1.23529,0, 0, 0.411765
433.milc,433.milc_308,2,21,0,0.047619,0.666667,1.47619,0.238095,0,1,0,0,1.19048,0, 0, 0.428571
433.milc,433.milc_309,1,221,0,0.135747,0.574661,1.57014,0.117647,0.00904977,1,0,0,0.995475,0, 0.135747, 0.357466
433.milc,433.milc_310,1,12,0,0.0833333,0.666667,1.83333,0.0833333,0,1,0,0,1.08333,0, 0, 0.333333
433.milc,433.milc_311,1,33,0.0606061,0.0909091,0.575758,1.93939,0.121212,0.030303,1,0,0,1.15152,0, 0.121212, 0.212121
433.milc,433.milc_312,2,25,0,0.12,0.52,1.76,0.24,0.04,1,0,0,1.04,0, 0, 0.32
433.milc,433.milc_313,1,27,0,0.0740741,0.592593,1.74074,0.185185,0,1,0,0,1,0, 0.148148, 0.259259
433.milc,433.milc_314,1,13,0,0.0769231,0.692308,1.76923,0.153846,0,1,0,0,1.07692,0, 0, 0.384615
433.milc,433.milc_315,2,5,0.2,0.2,0.6,1.4,0,0,1,0,0,1,0, 0.2, 0.4
433.milc,433.milc_316,1,32,0,0.125,0.65625,1.75,0.125,0.03125,1,0,0,1.09375,0, 0.125, 0.375
433.milc,433.milc_317,9,35,0,0.0857143,0.6,1.65714,0.2,0.0285714,1,0,3,1.22857,0, 0.0857143, 0.314286
433.milc,433.milc_318,9,13,0,0.0769231,0.692308,1.46154,0.230769,0,5,0,1,1.23077,0, 0.0769231, 0.384615
433.milc,433.milc_319,9,5,0,0.2,0.6,1.6,0.2,0,1,0,0,1,0, 0.2, 0.2
433.milc,433.milc_320,9,12,0,0.166667,0.583333,2.25,0.0833333,0.0833333,1,0,0,1.08333,0, 0.0833333, 0.166667
433.milc,433.milc_321,9,13,0,0.0769231,0.692308,1.69231,0.230769,0,1,0,1,1.07692,0, 0.0769231, 0.307692
433.milc,433.milc_322,8,62,0.016129,0.209677,0.612903,1.75806,0.0806452,0.0322581,8,0,0,0.806452,0, 0.209677, 0.225806
433.milc,433.milc_323,7,4,0,0.5,0.5,1.75,0,0,1,0,0,0.5,0, 0.25, 0
433.milc,433.milc_324,6,4,0,0.5,0.5,1.75,0,0,1,0,0,0.5,0, 0.25, 0
433.milc,433.milc_325,5,4,0,0.5,0.5,1.75,0,0,1,0,0,0.5,0, 0.25, 0
433.milc,433.milc_326,4,41,0,0.219512,0.634146,2.09756,0,0.0243902,1,0,0,1.07317,0, 0.0243902, 0.292683
433.milc,433.milc_327,3,4,0,0.5,0.5,1.75,0,0,1,0,0,0.5,0, 0.25, 0
433.milc,433.milc_328,2,4,0,0.5,0.5,1.75,0,0,1,0,0,0.5,0, 0.25, 0
433.milc,433.milc_329,1,4,0,0.5,0.5,1.75,0,0,1,0,0,0.5,0, 0.25, 0
433.milc,433.milc_330,1,13,0,0.153846,0.615385,1.38462,0.153846,0.0769231,1,0,0,1.15385,0, 0, 0.461538
433.milc,433.milc_331,1,21,0,0.190476,0.380952,1.52381,0.285714,0.047619,1,0,0,1,0, 0, 0.285714
433.milc,433.milc_332,2,21,0,0.190476,0.380952,1.52381,0.285714,0.047619,1,0,0,1,0, 0, 0.285714
433.milc,433.milc_333,2,27,0,0.148148,0.555556,1.55556,0.148148,0.037037,1,0,0,1.11111,0, 0, 0.37037
433.milc,433.milc_334,2,21,0,0.190476,0.428571,1.52381,0.238095,0.047619,1,0,0,0.952381,0, 0, 0.333333
433.milc,433.milc_335,2,28,0,0.142857,0.571429,1.5,0.178571,0.0357143,1,0,0,1.07143,0, 0, 0.392857
433.milc,433.milc_336,1,134,0,0.246269,0.544776,1.6194,0.0671642,0.0149254,1,0,0,0.962687,0, 0.156716, 0.335821
433.milc,433.milc_337,1,23,0,0.173913,0.347826,1.47826,0.347826,0.0434783,1,0,0,1,0, 0, 0.26087
433.milc,433.milc_338,1,21,0,0.190476,0.380952,1.52381,0.285714,0.047619,1,0,0,1,0, 0, 0.285714
433.milc,433.milc_339,2,21,0,0.190476,0.380952,1.52381,0.285714,0.047619,1,0,0,1,0, 0, 0.285714
433.milc,433.milc_340,2,27,0,0.148148,0.555556,1.55556,0.148148,0.037037,1,0,0,1.11111,0, 0, 0.37037
433.milc,433.milc_341,2,21,0,0.190476,0.428571,1.52381,0.238095,0.047619,1,0,0,0.952381,0, 0, 0.333333
433.milc,433.milc_342,2,28,0,0.142857,0.571429,1.5,0.178571,0.0357143,1,0,0,1.07143,0, 0, 0.392857
433.milc,433.milc_343,1,134,0,0.246269,0.544776,1.6194,0.0671642,0.0149254,1,0,0,0.962687,0, 0.156716, 0.335821
433.milc,433.milc_344,1,23,0,0.173913,0.347826,1.47826,0.347826,0.0434783,1,0,0,1,0, 0, 0.26087
433.milc,433.milc_345,2,11,0,0.0909091,0.545455,1.45455,0.0909091,0,1,0,0,1.09091,0, 0.0909091, 0.363636
433.milc,433.milc_346,3,5,0,0.2,0.6,1.6,0.2,0,1,0,0,1,0, 0.2, 0.2
433.milc,433.milc_347,3,40,0,0.1,0.6,1.75,0.2,0.025,5,0,2,1.1,0, 0.05, 0.275
433.milc,433.milc_348,3,7,0,0.285714,0.428571,1.71429,0.142857,0.142857,1,0,0,1,0, 0, 0.285714
433.milc,433.milc_349,3,25,0.04,0.04,0.68,1.84,0.08,0,1,0,0,1.2,0, 0.04, 0.4
433.milc,433.milc_350,2,33,0,0.242424,0.575758,1.72727,0.0909091,0.030303,1,0,1,0.878788,0, 0.181818, 0.212121
433.milc,433.milc_351,1,7,0,0.428571,0.571429,1.42857,0,0,1,0,0,0.571429,0, 0.428571, 0.142857
433.milc,433.milc_352,2,17,0,0.0588235,0.647059,1.64706,0.117647,0,5,0,0,1.23529,0, 0.0588235, 0.411765
433.milc,433.milc_353,4,29,0,0.172414,0.482759,1.65517,0.172414,0.0344828,1,0,0,1.06897,0, 0, 0.37931
433.milc,433.milc_354,3,38,0,0.131579,0.473684,1.57895,0.263158,0.0263158,5,0,0,1,0, 0.0263158, 0.289474
433.milc,433.milc_355,2,52,0,0.0769231,0.5,1.59615,0.307692,0.0192308,5,0,0,1.01923,0, 0.0192308, 0.288462
433.milc,433.milc_356,1,7,0,0.428571,0.571429,1.42857,0,0,5,0,0,0.571429,0, 0.428571, 0.142857
433.milc,433.milc_357,1,38,0,0.0263158,0.552632,1.39474,0.315789,0,5,0,0,1.23684,0, 0.0263158, 0.394737
433.milc,433.milc_358,1,19,0,0.0526316,0.631579,1.47368,0.157895,0,1,0,0,1.21053,0, 0.0526316, 0.473684
433.milc,433.milc_359,1,24,0,0.0416667,0.583333,1.54167,0.291667,0,1,0,0,1.25,0, 0, 0.375
433.milc,433.milc_360,1,26,0,0.0384615,0.576923,1.5,0.307692,0,1,0,0,1.19231,0, 0, 0.384615
433.milc,433.milc_361,1,32,0,0.03125,0.625,1.625,0.1875,0,1,0,0,1.28125,0, 0.03125, 0.4375
433.milc,433.milc_362,1,7,0,0.142857,0.428571,1.42857,0.285714,0,1,0,0,1,0, 0, 0.285714
433.milc,433.milc_363,5,18,0,0.0555556,0.722222,1.72222,0.166667,0,9,0,0,1.27778,0, 0, 0.388889
433.milc,433.milc_364,4,80,0.025,0.1375,0.6375,1.925,0,0.025,1,0,0,1.2375,0, 0.0375, 0.45
433.milc,433.milc_365,4,18,0,0.0555556,0.722222,1.72222,0.166667,0,9,0,0,1.27778,0, 0, 0.388889
433.milc,433.milc_366,3,73,0.0273973,0.136986,0.657534,1.93151,0,0.0273973,1,0,0,1.21918,0, 0.0547945, 0.438356
433.milc,433.milc_367,3,18,0,0.0555556,0.722222,1.72222,0.166667,0,9,0,0,1.27778,0, 0, 0.388889
433.milc,433.milc_368,2,172,0.0232558,0.0988372,0.686047,1.98837,0.0116279,0.0174419,1,0,0,1.25581,0, 0.0290698, 0.459302
433.milc,433.milc_369,1,3,0,0.666667,0.333333,1.33333,0,0,9,0,0,0.333333,0, 0.333333, 0
433.milc,433.milc_370,1,14,0,0.0714286,0.428571,1.5,0.428571,0,9,0,0,1.14286,0, 0, 0.285714
433.milc,433.milc_371,1,9,0,0.111111,0.444444,1.55556,0.333333,0,1,0,0,1,0, 0.111111, 0.222222
433.milc,433.milc_372,1,5,0,0.2,0.6,1.6,0.2,0,9,0,0,1,0, 0.2, 0.2
433.milc,433.milc_373,1,17,0,0.0588235,0.647059,1.52941,0.235294,0,9,0,0,1.17647,0, 0, 0.411765
433.milc,433.milc_374,1,14,0,0.0714286,0.5,1.5,0.357143,0,1,0,0,1.07143,0, 0, 0.357143
433.milc,433.milc_375,1,16,0,0.0625,0.625,1.625,0.1875,0,1,0,0,1.25,0, 0, 0.375
433.milc,433.milc_376,1,37,0.027027,0.108108,0.594595,1.78378,0.135135,0.027027,1,0,0,1.27027,0, 0.0540541, 0.351351
433.milc,433.milc_377,1,7,0,0.142857,0.428571,1.42857,0.285714,0,1,0,0,1,0, 0, 0.285714
433.milc,433.milc_378,5,49,0,0.0204082,0.816327,2.10204,0.122449,0,9,0,0,1.22449,0, 0, 0.285714
433.milc,433.milc_379,4,89,0.0224719,0.123596,0.674157,2.02247,0,0.0224719,1,0,4,1.23596,0, 0.0449438, 0.404494
433.milc,433.milc_380,4,49,0,0.0204082,0.816327,2.10204,0.122449,0,9,0,0,1.22449,0, 0, 0.285714
433.milc,433.milc_381,3,82,0.0243902,0.121951,0.695122,2.03659,0,0.0243902,1,0,4,1.21951,0, 0.0609756, 0.390244
433.milc,433.milc_382,3,49,0,0.0204082,0.816327,2.10204,0.122449,0,9,0,0,1.22449,0, 0, 0.285714
433.milc,433.milc_383,2,179,0.0111732,0.0949721,0.709497,2.10056,0.0111732,0.0167598,1,0,4,1.25698,0, 0.0335196, 0.407821
433.milc,433.milc_384,1,3,0,0.666667,0.333333,1.33333,0,0,9,0,0,0.333333,0, 0.333333, 0
433.milc,433.milc_385,1,31,0,0.0322581,0.516129,1.70968,0.387097,0,9,0,0,1.16129,0, 0, 0.258065
433.milc,433.milc_386,1,9,0,0.111111,0.444444,1.55556,0.333333,0,1,0,0,1,0, 0.111111, 0.222222
433.milc,433.milc_387,1,5,0,0.2,0.6,1.6,0.2,0,9,0,0,1,0, 0.2, 0.2
433.milc,433.milc_388,1,17,0,0.0588235,0.647059,1.52941,0.235294,0,9,0,0,1.17647,0, 0, 0.411765
433.milc,433.milc_389,1,14,0,0.0714286,0.5,1.5,0.357143,0,1,0,0,1.07143,0, 0, 0.357143
433.milc,433.milc_390,1,16,0,0.0625,0.625,1.625,0.1875,0,1,0,0,1.25,0, 0, 0.375
433.milc,433.milc_391,1,75,0.0266667,0.0533333,0.733333,1.97333,0.0933333,0.0133333,1,0,0,1.25333,0, 0.0533333, 0.32
433.milc,433.milc_392,1,19,0,0.0526316,0.684211,1.78947,0.210526,0,1,0,0,1.26316,0, 0, 0.368421
433.milc,433.milc_393,2,9,0,0.111111,0.666667,1.88889,0.111111,0,4,0,0,1.11111,0, 0, 0.333333
433.milc,433.milc_394,1,3,0,0.666667,0.333333,1.33333,0,0,5,0,0,0.333333,0, 0.333333, 0
433.milc,433.milc_395,2,47,0.0851064,0.0212766,0.723404,1.78723,0.170213,0,1,0,0,1.25532,0, 0.0212766, 0.361702
433.milc,433.milc_396,1,3,0,0.666667,0.333333,1.33333,0,0,4,0,0,0.333333,0, 0.333333, 0
433.milc,433.milc_397,1,92,0.0326087,0.130435,0.706522,1.94565,0.0434783,0.0108696,4,0,5,0.967391,0, 0.0869565, 0.293478
433.milc,433.milc_398,4,45,0.0444444,0.0222222,0.755556,1.8,0.177778,0,1,0,2,1.24444,0, 0.0444444, 0.355556
433.milc,433.milc_399,3,3,0,0.666667,0.333333,1.33333,0,0,4,0,0,0.333333,0, 0.333333, 0
433.milc,433.milc_400,2,3,0,0.666667,0.333333,1.33333,0,0,4,0,0,0.333333,0, 0.333333, 0
433.milc,433.milc_401,1,3,0,0.666667,0.333333,1.33333,0,0,5,0,0,0.333333,0, 0.333333, 0
433.milc,433.milc_402,2,31,0,0.0322581,0.645161,1.70968,0.258065,0,1,0,0,1.16129,0, 0.0645161, 0.322581
433.milc,433.milc_403,1,4,0,0.5,0.25,1.5,0,0,4,0,0,0.25,0, 0.25, 0
433.milc,433.milc_404,2,23,0,0.0434783,0.695652,1.86957,0.173913,0,4,0,0,1.13043,0, 0, 0.347826
433.milc,433.milc_405,1,4,0,0.5,0.25,1.5,0,0,4,0,0,0.25,0, 0.25, 0
433.milc,433.milc_406,2,28,0,0.178571,0.535714,1.71429,0.0357143,0.0714286,4,0,0,1.07143,0, 0.107143, 0.357143
433.milc,433.milc_407,1,3,0,0.666667,0.333333,1.33333,0,0,5,0,0,0.333333,0, 0.333333, 0
433.milc,433.milc_408,2,67,0.0597015,0.0149254,0.746269,1.80597,0.179104,0,1,0,0,1.25373,0, 0.0298507, 0.358209
433.milc,433.milc_409,1,3,0,0.666667,0.333333,1.33333,0,0,4,0,0,0.333333,0, 0.333333, 0
433.milc,433.milc_410,1,49,0.0816327,0.0204082,0.77551,1.85714,0.122449,0,4,0,0,1.22449,0, 0.0408163, 0.367347
433.milc,433.milc_411,2,67,0.0597015,0.0149254,0.746269,1.80597,0.179104,0,4,0,0,1.25373,0, 0.0298507, 0.358209
433.milc,433.milc_412,1,3,0,0.666667,0.333333,1.33333,0,0,4,0,0,0.333333,0, 0.333333, 0
433.milc,433.milc_413,1,33,0.0606061,0.030303,0.787879,1.84848,0.121212,0,4,0,0,1.21212,0, 0.0606061, 0.363636
433.milc,433.milc_414,1,2,0,0.5,0,3.5,0,0,4,0,0,0.5,0, 0, 0
433.milc,433.milc_415,2,42,0.0238095,0.0238095,0.761905,1.83333,0.190476,0,1,0,0,1.21429,0, 0.047619, 0.333333
433.milc,433.milc_416,1,3,0,0.666667,0.333333,1.33333,0,0,4,0,0,0.333333,0, 0.333333, 0
433.milc,433.milc_417,2,91,0.0659341,0.010989,0.791209,1.83516,0.131868,0,4,0,0,1.25275,0, 0.0659341, 0.373626
433.milc,433.milc_418,1,3,0,0.666667,0.333333,1.33333,0,0,4,0,0,0.333333,0, 0.333333, 0
433.milc,433.milc_419,2,41,0,0.0243902,0.780488,1.82927,0.195122,0,4,0,0,1.21951,0, 0.0487805, 0.341463
433.milc,433.milc_420,1,3,0,0.666667,0.333333,1.33333,0,0,4,0,0,0.333333,0, 0.333333, 0
433.milc,433.milc_421,2,63,0.031746,0.015873,0.761905,1.8254,0.190476,0,4,0,0,1.2381,0, 0.031746, 0.349206
433.milc,433.milc_422,1,3,0,0.666667,0.333333,1.33333,0,0,4,0,0,0.333333,0, 0.333333, 0
433.milc,433.milc_423,1,45,0.0444444,0.0222222,0.8,1.88889,0.133333,0,4,0,0,1.2,0, 0.0444444, 0.355556
433.milc,433.milc_424,1,71,0.112676,0.0140845,0.43662,1.60563,0.253521,0,4,0,0,0.915493,0, 0.0422535, 0.267606
433.milc,433.milc_425,2,40,0,0.025,0.575,2.375,0.05,0,1,0,0,1.85,0, 0.025, 0.45
433.milc,433.milc_426,1,3,0,0.666667,0.333333,1.33333,0,0,5,0,0,0.333333,0, 0.333333, 0
