benchmark, unique_loop_id, loop_nest_level, dynOp_count, floatOp_count, branchOp_count, memOp_count, operands_count, implicit_instr_count, unique_pred_count, trip_count, loop_calls, reuse_count, use_count, def_count, store_count, load_count
444.namd,444.namd_1,1,0,0,0,0,0,0,0,1,1,0,0,0, 0, 0
444.namd,444.namd_2,1,0,0,0,0,0,0,0,1,1,0,0,0, 0, 0
444.namd,444.namd_3,1,0,0,0,0,0,0,0,1,1,0,0,0, 0, 0
444.namd,444.namd_4,1,0,0,0,0,0,0,0,1,1,0,0,0, 0, 0
444.namd,444.namd_5,1,9,0,0.111111,0.777778,1.66667,0.111111,0,1,1,0,1.11111,0, 0.111111, 0.333333
444.namd,444.namd_6,1,0,0,0,0,0,0,0,1,1,0,0,0, 0, 0
444.namd,444.namd_7,1,0,0,0,0,0,0,0,1,1,0,0,0, 0, 0
444.namd,444.namd_8,1,41,0,0.0487805,0.804878,1.90244,0.097561,0.0243902,1,1,0,1.26829,0, 0.195122, 0.317073
444.namd,444.namd_9,1,0,0,0,0,0,0,0,1,1,0,0,0, 0, 0
444.namd,444.namd_10,1,0,0,0,0,0,0,0,1,1,0,0,0, 0, 0
444.namd,444.namd_11,1,8,0,0.125,0.625,1.625,0.125,0,1,6,0,1.125,0, 0, 0.375
444.namd,444.namd_12,1,8,0,0.125,0.625,1.625,0.125,0,1,6,0,1.125,0, 0, 0.375
444.namd,444.namd_13,2,119,0,0.00840336,0.588235,1.47059,0.117647,0,5,769,0,1.17647,0, 0.0672269, 0.403361
444.namd,444.namd_14,1,3,0,0.666667,0.333333,1.33333,0,0,1,1,0,0.333333,0, 0.333333, 0
444.namd,444.namd_15,1,33,0.0606061,0.030303,0.727273,1.30303,0.181818,0,1,1,0,1.09091,0, 0.0606061, 0.484848
444.namd,444.namd_16,3,59,0.457627,0.0169492,0.525424,1.52542,0,0,3,3840,0,1.44068,0, 0.0677966, 0.457627
444.namd,444.namd_17,2,68,0.264706,0.0294118,0.661765,1.52941,0.0294118,0,1,5,0,1.29412,0, 0.147059, 0.426471
444.namd,444.namd_18,2,81,0.222222,0.0617284,0.604938,1.54321,0.0493827,0.0123457,1,5,0,1.22222,0, 0.0864198, 0.407407
444.namd,444.namd_19,1,31,0,0.290323,0.709677,1.80645,0,0,6,1,0,0.806452,0, 0.451613, 0.258065
444.namd,444.namd_20,1,333,0.231231,0.042042,0.687688,1.61562,0.015015,0.00600601,1,1,0,1.27928,0, 0.258258, 0.369369
444.namd,444.namd_21,1,0,0,0,0,0,0,0,1,1,0,0,0, 0, 0
444.namd,444.namd_22,1,0,0,0,0,0,0,0,1,1,0,0,0, 0, 0
444.namd,444.namd_23,1,0,0,0,0,0,0,0,1,1,0,0,0, 0, 0
444.namd,444.namd_24,2,70,0.0285714,0.228571,0.485714,1.68571,0.0285714,0.0285714,4,0,0,0.971429,0, 0.142857, 0.314286
444.namd,444.namd_25,1,3,0,0.666667,0.333333,1.33333,0,0,4,0,0,0.333333,0, 0.333333, 0
444.namd,444.namd_26,2,35,0,0.257143,0.485714,1.65714,0.0285714,0.0285714,1,0,0,0.971429,0, 0.114286, 0.342857
444.namd,444.namd_27,1,3,0,0.666667,0.333333,1.33333,0,0,1,0,0,0.333333,0, 0.333333, 0
444.namd,444.namd_28,2,73,0.123288,0.0273973,0.780822,1.58904,0.0547945,0.0136986,1,0,0,1.35616,0, 0.191781, 0.438356
444.namd,444.namd_29,2,55,0,0.0727273,0.654545,1.54545,0.145455,0.0181818,1,0,0,1.14545,0, 0.127273, 0.345455
444.namd,444.namd_30,2,96,0.104167,0.0833333,0.71875,1.625,0.0416667,0.0416667,1,0,0,1.3125,0, 0.177083, 0.416667
444.namd,444.namd_31,2,113,0.0884956,0.0884956,0.681416,1.61947,0.079646,0.0353982,1,0,0,1.26549,0, 0.141593, 0.39823
444.namd,444.namd_32,2,43,0,0.116279,0.744186,1.5814,0.116279,0,1,0,0,1.18605,0, 0.209302, 0.372093
444.namd,444.namd_33,2,394,0.205584,0.00253807,0.71066,1.54061,0.0532995,0,1,0,0,1.37817,0, 0.154822, 0.454315
444.namd,444.namd_34,2,400,0.2075,0.0025,0.71,1.5425,0.0525,0,1,0,0,1.3775,0, 0.155, 0.4525
444.namd,444.namd_35,1,417,0.00719424,0.0839329,0.601918,1.59952,0.158273,0.00719424,1,0,0,1.17026,0, 0.141487, 0.335731
444.namd,444.namd_36,1,20,0,0.25,0.4,1.65,0.15,0.1,1,0,0,0.95,0, 0.05, 0.25
444.namd,444.namd_37,1,28,0,0.107143,0.607143,1.53571,0.178571,0.0357143,1,0,0,1.14286,0, 0.142857, 0.321429
444.namd,444.namd_38,1,32,0,0.125,0.5,1.625,0.21875,0.03125,1,0,0,1.09375,0, 0.0625, 0.28125
444.namd,444.namd_39,2,10,0,0.2,0.5,1.5,0.1,0.1,1,0,0,1.1,0, 0, 0.4
444.namd,444.namd_40,2,10,0,0.2,0.5,1.5,0.1,0.1,1,0,0,1.1,0, 0, 0.4
444.namd,444.namd_41,2,9,0,0.111111,0.666667,1.44444,0.111111,0,1,0,0,1.22222,0, 0.222222, 0.333333
444.namd,444.namd_42,2,73,0.123288,0.0273973,0.780822,1.58904,0.0547945,0.0136986,1,0,0,1.35616,0, 0.191781, 0.438356
444.namd,444.namd_43,2,55,0,0.0727273,0.654545,1.54545,0.145455,0.0181818,1,0,0,1.14545,0, 0.127273, 0.345455
444.namd,444.namd_44,2,96,0.104167,0.0833333,0.71875,1.625,0.0416667,0.0416667,1,0,0,1.3125,0, 0.177083, 0.416667
444.namd,444.namd_45,2,113,0.0884956,0.0884956,0.681416,1.61947,0.079646,0.0353982,1,0,0,1.26549,0, 0.141593, 0.39823
444.namd,444.namd_46,2,17,0,0.176471,0.647059,1.52941,0,0.0588235,1,0,0,1.11765,0, 0.176471, 0.411765
444.namd,444.namd_47,2,23,0,0.130435,0.652174,1.47826,0.0869565,0.0434783,1,0,0,1.17391,0, 0.130435, 0.391304
444.namd,444.namd_48,2,43,0,0.116279,0.744186,1.5814,0.116279,0,1,0,0,1.18605,0, 0.209302, 0.372093
444.namd,444.namd_49,2,394,0.205584,0.00253807,0.71066,1.54061,0.0532995,0,1,0,0,1.37817,0, 0.154822, 0.454315
444.namd,444.namd_50,2,400,0.2075,0.0025,0.71,1.5425,0.0525,0,1,0,0,1.3775,0, 0.155, 0.4525
444.namd,444.namd_51,1,441,0.00680272,0.0884354,0.596372,1.5941,0.14966,0.00680272,1,0,0,1.17234,0, 0.14059, 0.337868
444.namd,444.namd_52,1,28,0,0.107143,0.607143,1.53571,0.178571,0.0357143,1,0,0,1.14286,0, 0.142857, 0.321429
444.namd,444.namd_53,1,32,0,0.125,0.5,1.625,0.21875,0.03125,1,0,0,1.09375,0, 0.0625, 0.28125
444.namd,444.namd_54,2,73,0.123288,0.0273973,0.780822,1.58904,0.0547945,0.0136986,1,0,0,1.35616,0, 0.191781, 0.438356
444.namd,444.namd_55,2,55,0,0.0727273,0.654545,1.54545,0.145455,0.0181818,1,0,0,1.14545,0, 0.127273, 0.345455
444.namd,444.namd_56,2,96,0.104167,0.0833333,0.71875,1.625,0.0416667,0.0416667,1,0,0,1.3125,0, 0.177083, 0.416667
444.namd,444.namd_57,2,113,0.0884956,0.0884956,0.681416,1.61947,0.079646,0.0353982,1,0,0,1.26549,0, 0.141593, 0.39823
444.namd,444.namd_58,2,43,0,0.116279,0.744186,1.5814,0.116279,0,1,0,0,1.18605,0, 0.209302, 0.372093
444.namd,444.namd_59,2,566,0.219081,0.00176678,0.717314,1.5424,0.040636,0,1,0,0,1.39046,0, 0.160777, 0.461131
444.namd,444.namd_60,2,610,0.219672,0.00163934,0.718033,1.54098,0.0393443,0,1,0,0,1.38852,0, 0.159016, 0.460656
444.namd,444.namd_61,2,299,0.190635,0.00334448,0.725753,1.54181,0.0568562,0,1,0,0,1.37458,0, 0.170569, 0.451505
444.namd,444.namd_62,1,434,0.00691244,0.0829493,0.601382,1.59217,0.16129,0.00691244,1,0,0,1.17281,0, 0.145161, 0.334101
444.namd,444.namd_63,1,20,0,0.25,0.4,1.65,0.15,0.1,1,0,0,0.95,0, 0.05, 0.25
444.namd,444.namd_64,1,28,0,0.107143,0.607143,1.53571,0.178571,0.0357143,1,0,0,1.14286,0, 0.142857, 0.321429
444.namd,444.namd_65,1,32,0,0.125,0.5,1.625,0.21875,0.03125,1,0,0,1.09375,0, 0.0625, 0.28125
444.namd,444.namd_66,2,10,0,0.2,0.5,1.5,0.1,0.1,1,0,0,1.1,0, 0, 0.4
444.namd,444.namd_67,2,10,0,0.2,0.5,1.5,0.1,0.1,1,0,0,1.1,0, 0, 0.4
444.namd,444.namd_68,2,9,0,0.111111,0.666667,1.44444,0.111111,0,1,0,0,1.22222,0, 0.222222, 0.333333
444.namd,444.namd_69,2,73,0.123288,0.0273973,0.780822,1.58904,0.0547945,0.0136986,1,0,0,1.35616,0, 0.191781, 0.438356
444.namd,444.namd_70,2,55,0,0.0727273,0.654545,1.54545,0.145455,0.0181818,1,0,0,1.14545,0, 0.127273, 0.345455
444.namd,444.namd_71,2,96,0.104167,0.0833333,0.71875,1.625,0.0416667,0.0416667,1,0,0,1.3125,0, 0.177083, 0.416667
444.namd,444.namd_72,2,113,0.0884956,0.0884956,0.681416,1.61947,0.079646,0.0353982,1,0,0,1.26549,0, 0.141593, 0.39823
444.namd,444.namd_73,2,17,0,0.176471,0.647059,1.52941,0,0.0588235,1,0,0,1.11765,0, 0.176471, 0.411765
444.namd,444.namd_74,2,23,0,0.130435,0.652174,1.47826,0.0869565,0.0434783,1,0,0,1.17391,0, 0.130435, 0.391304
444.namd,444.namd_75,2,43,0,0.116279,0.744186,1.5814,0.116279,0,1,0,0,1.18605,0, 0.209302, 0.372093
444.namd,444.namd_76,2,566,0.219081,0.00176678,0.717314,1.5424,0.040636,0,1,0,0,1.39046,0, 0.160777, 0.461131
444.namd,444.namd_77,2,610,0.219672,0.00163934,0.718033,1.54098,0.0393443,0,1,0,0,1.38852,0, 0.159016, 0.460656
444.namd,444.namd_78,2,299,0.190635,0.00334448,0.725753,1.54181,0.0568562,0,1,0,0,1.37458,0, 0.170569, 0.451505
444.namd,444.namd_79,1,458,0.00655022,0.0873362,0.59607,1.58734,0.152838,0.00655022,1,0,0,1.17467,0, 0.144105, 0.336245
444.namd,444.namd_80,1,28,0,0.107143,0.607143,1.53571,0.178571,0.0357143,1,0,0,1.14286,0, 0.142857, 0.321429
444.namd,444.namd_81,1,32,0,0.125,0.5,1.625,0.21875,0.03125,1,0,0,1.09375,0, 0.0625, 0.28125
444.namd,444.namd_82,2,73,0.123288,0.0273973,0.780822,1.58904,0.0547945,0.0136986,1,0,0,1.35616,0, 0.191781, 0.438356
444.namd,444.namd_83,2,55,0,0.0727273,0.654545,1.54545,0.145455,0.0181818,1,0,0,1.14545,0, 0.127273, 0.345455
444.namd,444.namd_84,2,96,0.104167,0.0833333,0.71875,1.625,0.0416667,0.0416667,1,0,0,1.3125,0, 0.177083, 0.416667
444.namd,444.namd_85,2,113,0.0884956,0.0884956,0.681416,1.61947,0.079646,0.0353982,1,0,0,1.26549,0, 0.141593, 0.39823
444.namd,444.namd_86,2,43,0,0.116279,0.744186,1.5814,0.116279,0,1,0,0,1.18605,0, 0.209302, 0.372093
444.namd,444.namd_87,2,400,0.2025,0.0025,0.715,1.54,0.0525,0,1,0,0,1.38,0, 0.16, 0.455
444.namd,444.namd_88,2,440,0.202273,0.00227273,0.718182,1.53864,0.05,0,1,0,0,1.37727,0, 0.156818, 0.454545
444.namd,444.namd_89,2,299,0.190635,0.00334448,0.725753,1.54181,0.0568562,0,1,0,0,1.37458,0, 0.170569, 0.451505
444.namd,444.namd_90,1,429,0.00699301,0.0839161,0.599068,1.59441,0.160839,0.00699301,1,0,0,1.17016,0, 0.144522, 0.333333
444.namd,444.namd_91,1,20,0,0.25,0.4,1.65,0.15,0.1,1,0,0,0.95,0, 0.05, 0.25
444.namd,444.namd_92,1,28,0,0.107143,0.607143,1.53571,0.178571,0.0357143,1,0,0,1.14286,0, 0.142857, 0.321429
444.namd,444.namd_93,1,32,0,0.125,0.5,1.625,0.21875,0.03125,1,0,0,1.09375,0, 0.0625, 0.28125
444.namd,444.namd_94,2,10,0,0.2,0.5,1.5,0.1,0.1,1,0,0,1.1,0, 0, 0.4
444.namd,444.namd_95,2,10,0,0.2,0.5,1.5,0.1,0.1,1,0,0,1.1,0, 0, 0.4
444.namd,444.namd_96,2,9,0,0.111111,0.666667,1.44444,0.111111,0,1,0,0,1.22222,0, 0.222222, 0.333333
444.namd,444.namd_97,2,73,0.123288,0.0273973,0.780822,1.58904,0.0547945,0.0136986,1,0,0,1.35616,0, 0.191781, 0.438356
444.namd,444.namd_98,2,55,0,0.0727273,0.654545,1.54545,0.145455,0.0181818,1,0,0,1.14545,0, 0.127273, 0.345455
444.namd,444.namd_99,2,96,0.104167,0.0833333,0.71875,1.625,0.0416667,0.0416667,1,0,0,1.3125,0, 0.177083, 0.416667
444.namd,444.namd_100,2,113,0.0884956,0.0884956,0.681416,1.61947,0.079646,0.0353982,1,0,0,1.26549,0, 0.141593, 0.39823
444.namd,444.namd_101,2,17,0,0.176471,0.647059,1.52941,0,0.0588235,1,0,0,1.11765,0, 0.176471, 0.411765
444.namd,444.namd_102,2,23,0,0.130435,0.652174,1.47826,0.0869565,0.0434783,1,0,0,1.17391,0, 0.130435, 0.391304
444.namd,444.namd_103,2,43,0,0.116279,0.744186,1.5814,0.116279,0,1,0,0,1.18605,0, 0.209302, 0.372093
444.namd,444.namd_104,2,400,0.2025,0.0025,0.715,1.54,0.0525,0,1,0,0,1.38,0, 0.16, 0.455
444.namd,444.namd_105,2,440,0.202273,0.00227273,0.718182,1.53864,0.05,0,1,0,0,1.37727,0, 0.156818, 0.454545
444.namd,444.namd_106,2,299,0.190635,0.00334448,0.725753,1.54181,0.0568562,0,1,0,0,1.37458,0, 0.170569, 0.451505
444.namd,444.namd_107,1,453,0.00662252,0.0883002,0.593819,1.5894,0.152318,0.00662252,1,0,0,1.17219,0, 0.143488, 0.335541
444.namd,444.namd_108,1,28,0,0.107143,0.607143,1.53571,0.178571,0.0357143,1,0,0,1.14286,0, 0.142857, 0.321429
444.namd,444.namd_109,1,32,0,0.125,0.5,1.625,0.21875,0.03125,1,0,0,1.09375,0, 0.0625, 0.28125
444.namd,444.namd_110,2,73,0.123288,0.0273973,0.780822,1.58904,0.0547945,0.0136986,1,0,0,1.35616,0, 0.191781, 0.438356
444.namd,444.namd_111,2,55,0,0.0727273,0.654545,1.54545,0.145455,0.0181818,1,0,0,1.14545,0, 0.127273, 0.345455
444.namd,444.namd_112,2,96,0.104167,0.0833333,0.71875,1.625,0.0416667,0.0416667,1,0,0,1.3125,0, 0.177083, 0.416667
444.namd,444.namd_113,2,113,0.0884956,0.0884956,0.681416,1.61947,0.079646,0.0353982,1,0,0,1.26549,0, 0.141593, 0.39823
444.namd,444.namd_114,2,43,0,0.116279,0.744186,1.5814,0.116279,0,1,0,0,1.18605,0, 0.209302, 0.372093
444.namd,444.namd_115,2,269,0.197026,0.00371747,0.717472,1.54647,0.0594796,0,1,0,0,1.37918,0, 0.171004, 0.449814
444.namd,444.namd_116,2,307,0.198697,0.00325733,0.71987,1.54072,0.0553746,0,1,0,0,1.37785,0, 0.166124, 0.452769
444.namd,444.namd_117,2,299,0.190635,0.00334448,0.725753,1.54181,0.0568562,0,1,0,0,1.37458,0, 0.170569, 0.451505
444.namd,444.namd_118,1,429,0.00699301,0.0839161,0.599068,1.59441,0.160839,0.00699301,1,0,0,1.17016,0, 0.144522, 0.333333
444.namd,444.namd_119,1,20,0,0.25,0.4,1.65,0.15,0.1,1,0,0,0.95,0, 0.05, 0.25
444.namd,444.namd_120,1,28,0,0.107143,0.607143,1.53571,0.178571,0.0357143,1,0,0,1.14286,0, 0.142857, 0.321429
444.namd,444.namd_121,1,32,0,0.125,0.5,1.625,0.21875,0.03125,1,0,0,1.09375,0, 0.0625, 0.28125
444.namd,444.namd_122,2,10,0,0.2,0.5,1.5,0.1,0.1,1,0,0,1.1,0, 0, 0.4
444.namd,444.namd_123,2,10,0,0.2,0.5,1.5,0.1,0.1,1,0,0,1.1,0, 0, 0.4
444.namd,444.namd_124,2,9,0,0.111111,0.666667,1.44444,0.111111,0,1,0,0,1.22222,0, 0.222222, 0.333333
444.namd,444.namd_125,2,73,0.123288,0.0273973,0.780822,1.58904,0.0547945,0.0136986,1,0,0,1.35616,0, 0.191781, 0.438356
444.namd,444.namd_126,2,55,0,0.0727273,0.654545,1.54545,0.145455,0.0181818,1,0,0,1.14545,0, 0.127273, 0.345455
444.namd,444.namd_127,2,96,0.104167,0.0833333,0.71875,1.625,0.0416667,0.0416667,1,0,0,1.3125,0, 0.177083, 0.416667
444.namd,444.namd_128,2,113,0.0884956,0.0884956,0.681416,1.61947,0.079646,0.0353982,1,0,0,1.26549,0, 0.141593, 0.39823
444.namd,444.namd_129,2,17,0,0.176471,0.647059,1.52941,0,0.0588235,1,0,0,1.11765,0, 0.176471, 0.411765
444.namd,444.namd_130,2,23,0,0.130435,0.652174,1.47826,0.0869565,0.0434783,1,0,0,1.17391,0, 0.130435, 0.391304
444.namd,444.namd_131,2,43,0,0.116279,0.744186,1.5814,0.116279,0,1,0,0,1.18605,0, 0.209302, 0.372093
444.namd,444.namd_132,2,269,0.197026,0.00371747,0.717472,1.54647,0.0594796,0,1,0,0,1.37918,0, 0.171004, 0.449814
444.namd,444.namd_133,2,307,0.198697,0.00325733,0.71987,1.54072,0.0553746,0,1,0,0,1.37785,0, 0.166124, 0.452769
444.namd,444.namd_134,2,299,0.190635,0.00334448,0.725753,1.54181,0.0568562,0,1,0,0,1.37458,0, 0.170569, 0.451505
444.namd,444.namd_135,1,453,0.00662252,0.0883002,0.593819,1.5894,0.152318,0.00662252,1,0,0,1.17219,0, 0.143488, 0.335541
444.namd,444.namd_136,1,28,0,0.107143,0.607143,1.53571,0.178571,0.0357143,1,0,0,1.14286,0, 0.142857, 0.321429
444.namd,444.namd_137,1,32,0,0.125,0.5,1.625,0.21875,0.03125,1,0,0,1.09375,0, 0.0625, 0.28125
444.namd,444.namd_138,2,73,0.123288,0.0273973,0.780822,1.58904,0.0547945,0.0136986,1,0,0,1.35616,0, 0.191781, 0.438356
444.namd,444.namd_139,2,55,0,0.0727273,0.654545,1.54545,0.145455,0.0181818,1,0,0,1.14545,0, 0.127273, 0.345455
444.namd,444.namd_140,2,96,0.104167,0.0833333,0.71875,1.625,0.0416667,0.0416667,1,0,0,1.3125,0, 0.177083, 0.416667
444.namd,444.namd_141,2,113,0.0884956,0.0884956,0.681416,1.61947,0.079646,0.0353982,1,0,0,1.26549,0, 0.141593, 0.39823
444.namd,444.namd_142,2,43,0,0.116279,0.744186,1.5814,0.116279,0,1,0,0,1.18605,0, 0.209302, 0.372093
444.namd,444.namd_143,2,331,0.18429,0.00302115,0.728097,1.54683,0.060423,0,1,0,0,1.36254,0, 0.160121, 0.450151
444.namd,444.namd_144,2,337,0.186944,0.00296736,0.727003,1.54896,0.0593472,0,1,0,0,1.36202,0, 0.160237, 0.448071
444.namd,444.namd_145,1,419,0.0071599,0.0835322,0.601432,1.59905,0.157518,0.0071599,1,0,0,1.16945,0, 0.140811, 0.336516
444.namd,444.namd_146,1,20,0,0.25,0.4,1.65,0.15,0.1,1,0,0,0.95,0, 0.05, 0.25
444.namd,444.namd_147,1,28,0,0.107143,0.607143,1.53571,0.178571,0.0357143,1,0,0,1.14286,0, 0.142857, 0.321429
444.namd,444.namd_148,1,32,0,0.125,0.5,1.625,0.21875,0.03125,1,0,0,1.09375,0, 0.0625, 0.28125
444.namd,444.namd_149,2,73,0.123288,0.0273973,0.780822,1.58904,0.0547945,0.0136986,1,0,0,1.35616,0, 0.191781, 0.438356
444.namd,444.namd_150,2,55,0,0.0727273,0.654545,1.54545,0.145455,0.0181818,1,0,0,1.14545,0, 0.127273, 0.345455
444.namd,444.namd_151,2,96,0.104167,0.0833333,0.71875,1.625,0.0416667,0.0416667,1,0,0,1.3125,0, 0.177083, 0.416667
444.namd,444.namd_152,2,113,0.0884956,0.0884956,0.681416,1.61947,0.079646,0.0353982,1,0,0,1.26549,0, 0.141593, 0.39823
444.namd,444.namd_153,2,43,0,0.116279,0.744186,1.5814,0.116279,0,1,0,0,1.18605,0, 0.209302, 0.372093
444.namd,444.namd_154,2,371,0.207547,0.00269542,0.714286,1.54178,0.0539084,0,1,0,0,1.37736,0, 0.153639, 0.455526
444.namd,444.namd_155,2,377,0.209549,0.00265252,0.713528,1.54377,0.0530504,0,1,0,0,1.37666,0, 0.153846, 0.453581
444.namd,444.namd_156,1,419,0.0071599,0.0835322,0.601432,1.59905,0.157518,0.0071599,1,0,0,1.16945,0, 0.140811, 0.336516
444.namd,444.namd_157,1,20,0,0.25,0.4,1.65,0.15,0.1,1,0,0,0.95,0, 0.05, 0.25
444.namd,444.namd_158,1,28,0,0.107143,0.607143,1.53571,0.178571,0.0357143,1,0,0,1.14286,0, 0.142857, 0.321429
444.namd,444.namd_159,1,32,0,0.125,0.5,1.625,0.21875,0.03125,1,0,0,1.09375,0, 0.0625, 0.28125
444.namd,444.namd_160,2,10,0,0.2,0.5,1.5,0.1,0.1,1,0,0,1.1,0, 0, 0.4
444.namd,444.namd_161,2,10,0,0.2,0.5,1.5,0.1,0.1,1,0,0,1.1,0, 0, 0.4
444.namd,444.namd_162,2,9,0,0.111111,0.666667,1.44444,0.111111,0,1,0,0,1.22222,0, 0.222222, 0.333333
444.namd,444.namd_163,2,73,0.123288,0.0273973,0.780822,1.58904,0.0547945,0.0136986,1,0,0,1.35616,0, 0.191781, 0.438356
444.namd,444.namd_164,2,55,0,0.0727273,0.654545,1.54545,0.145455,0.0181818,1,0,0,1.14545,0, 0.127273, 0.345455
444.namd,444.namd_165,2,96,0.104167,0.0833333,0.71875,1.625,0.0416667,0.0416667,1,0,0,1.3125,0, 0.177083, 0.416667
444.namd,444.namd_166,2,113,0.0884956,0.0884956,0.681416,1.61947,0.079646,0.0353982,1,0,0,1.26549,0, 0.141593, 0.39823
444.namd,444.namd_167,2,17,0,0.176471,0.647059,1.52941,0,0.0588235,1,0,0,1.11765,0, 0.176471, 0.411765
444.namd,444.namd_168,2,23,0,0.130435,0.652174,1.47826,0.0869565,0.0434783,1,0,0,1.17391,0, 0.130435, 0.391304
444.namd,444.namd_169,2,43,0,0.116279,0.744186,1.5814,0.116279,0,1,0,0,1.18605,0, 0.209302, 0.372093
444.namd,444.namd_170,2,331,0.18429,0.00302115,0.728097,1.54683,0.060423,0,1,0,0,1.36254,0, 0.160121, 0.450151
444.namd,444.namd_171,2,337,0.186944,0.00296736,0.727003,1.54896,0.0593472,0,1,0,0,1.36202,0, 0.160237, 0.448071
444.namd,444.namd_172,1,443,0.00677201,0.0880361,0.595937,1.59368,0.148984,0.00677201,1,0,0,1.17156,0, 0.139955, 0.3386
444.namd,444.namd_173,1,28,0,0.107143,0.607143,1.53571,0.178571,0.0357143,1,0,0,1.14286,0, 0.142857, 0.321429
444.namd,444.namd_174,1,32,0,0.125,0.5,1.625,0.21875,0.03125,1,0,0,1.09375,0, 0.0625, 0.28125
444.namd,444.namd_175,2,10,0,0.2,0.5,1.5,0.1,0.1,1,0,0,1.1,0, 0, 0.4
444.namd,444.namd_176,2,10,0,0.2,0.5,1.5,0.1,0.1,1,0,0,1.1,0, 0, 0.4
444.namd,444.namd_177,2,9,0,0.111111,0.666667,1.44444,0.111111,0,1,0,0,1.22222,0, 0.222222, 0.333333
444.namd,444.namd_178,2,73,0.123288,0.0273973,0.780822,1.58904,0.0547945,0.0136986,1,0,0,1.35616,0, 0.191781, 0.438356
444.namd,444.namd_179,2,55,0,0.0727273,0.654545,1.54545,0.145455,0.0181818,1,0,0,1.14545,0, 0.127273, 0.345455
444.namd,444.namd_180,2,96,0.104167,0.0833333,0.71875,1.625,0.0416667,0.0416667,1,0,0,1.3125,0, 0.177083, 0.416667
444.namd,444.namd_181,2,113,0.0884956,0.0884956,0.681416,1.61947,0.079646,0.0353982,1,0,0,1.26549,0, 0.141593, 0.39823
444.namd,444.namd_182,2,17,0,0.176471,0.647059,1.52941,0,0.0588235,1,0,0,1.11765,0, 0.176471, 0.411765
444.namd,444.namd_183,2,23,0,0.130435,0.652174,1.47826,0.0869565,0.0434783,1,0,0,1.17391,0, 0.130435, 0.391304
444.namd,444.namd_184,2,43,0,0.116279,0.744186,1.5814,0.116279,0,1,0,0,1.18605,0, 0.209302, 0.372093
444.namd,444.namd_185,2,371,0.207547,0.00269542,0.714286,1.54178,0.0539084,0,1,0,0,1.37736,0, 0.153639, 0.455526
444.namd,444.namd_186,2,377,0.209549,0.00265252,0.713528,1.54377,0.0530504,0,1,0,0,1.37666,0, 0.153846, 0.453581
444.namd,444.namd_187,1,443,0.00677201,0.0880361,0.595937,1.59368,0.148984,0.00677201,1,0,0,1.17156,0, 0.139955, 0.3386
444.namd,444.namd_188,1,28,0,0.107143,0.607143,1.53571,0.178571,0.0357143,1,0,0,1.14286,0, 0.142857, 0.321429
444.namd,444.namd_189,1,32,0,0.125,0.5,1.625,0.21875,0.03125,1,0,0,1.09375,0, 0.0625, 0.28125
444.namd,444.namd_190,2,73,0.123288,0.0273973,0.780822,1.58904,0.0547945,0.0136986,1,0,0,1.35616,0, 0.191781, 0.438356
444.namd,444.namd_191,2,55,0,0.0727273,0.654545,1.54545,0.145455,0.0181818,1,0,0,1.14545,0, 0.127273, 0.345455
444.namd,444.namd_192,2,96,0.104167,0.0833333,0.71875,1.625,0.0416667,0.0416667,1,0,0,1.3125,0, 0.177083, 0.416667
444.namd,444.namd_193,2,113,0.0884956,0.0884956,0.681416,1.61947,0.079646,0.0353982,1,0,0,1.26549,0, 0.141593, 0.39823
444.namd,444.namd_194,2,43,0,0.116279,0.744186,1.5814,0.116279,0,1,0,0,1.18605,0, 0.209302, 0.372093
444.namd,444.namd_195,2,477,0.197065,0.00209644,0.735849,1.54927,0.0461216,0,1,0,0,1.37526,0, 0.167715, 0.457023
444.namd,444.namd_196,2,521,0.199616,0.00191939,0.735125,1.54702,0.0441459,0,1,0,0,1.37428,0, 0.165067, 0.456814
444.namd,444.namd_197,2,262,0.179389,0.00381679,0.740458,1.5458,0.0610687,0,1,0,0,1.36641,0, 0.175573, 0.450382
444.namd,444.namd_198,1,436,0.00688073,0.0825688,0.600917,1.59174,0.16055,0.00688073,1,0,0,1.17202,0, 0.144495, 0.334862
444.namd,444.namd_199,1,20,0,0.25,0.4,1.65,0.15,0.1,1,0,0,0.95,0, 0.05, 0.25
444.namd,444.namd_200,1,28,0,0.107143,0.607143,1.53571,0.178571,0.0357143,1,0,0,1.14286,0, 0.142857, 0.321429
444.namd,444.namd_201,1,32,0,0.125,0.5,1.625,0.21875,0.03125,1,0,0,1.09375,0, 0.0625, 0.28125
444.namd,444.namd_202,2,73,0.123288,0.0273973,0.780822,1.58904,0.0547945,0.0136986,1,0,0,1.35616,0, 0.191781, 0.438356
444.namd,444.namd_203,2,55,0,0.0727273,0.654545,1.54545,0.145455,0.0181818,1,0,0,1.14545,0, 0.127273, 0.345455
444.namd,444.namd_204,2,96,0.104167,0.0833333,0.71875,1.625,0.0416667,0.0416667,1,0,0,1.3125,0, 0.177083, 0.416667
444.namd,444.namd_205,2,113,0.0884956,0.0884956,0.681416,1.61947,0.079646,0.0353982,1,0,0,1.26549,0, 0.141593, 0.39823
444.namd,444.namd_206,2,43,0,0.116279,0.744186,1.5814,0.116279,0,1,0,0,1.18605,0, 0.209302, 0.372093
444.namd,444.namd_207,2,537,0.219739,0.0018622,0.72067,1.54376,0.0409683,0,1,0,0,1.3892,0, 0.160149, 0.461825
444.namd,444.namd_208,2,581,0.22031,0.00172117,0.72117,1.54217,0.0395869,0,1,0,0,1.38726,0, 0.158348, 0.461274
444.namd,444.namd_209,2,282,0.195035,0.0035461,0.730496,1.54255,0.0567376,0,1,0,0,1.37589,0, 0.170213, 0.453901
444.namd,444.namd_210,1,436,0.00688073,0.0825688,0.600917,1.59174,0.16055,0.00688073,1,0,0,1.17202,0, 0.144495, 0.334862
444.namd,444.namd_211,1,20,0,0.25,0.4,1.65,0.15,0.1,1,0,0,0.95,0, 0.05, 0.25
444.namd,444.namd_212,1,28,0,0.107143,0.607143,1.53571,0.178571,0.0357143,1,0,0,1.14286,0, 0.142857, 0.321429
444.namd,444.namd_213,1,32,0,0.125,0.5,1.625,0.21875,0.03125,1,0,0,1.09375,0, 0.0625, 0.28125
444.namd,444.namd_214,2,10,0,0.2,0.5,1.5,0.1,0.1,1,0,0,1.1,0, 0, 0.4
444.namd,444.namd_215,2,10,0,0.2,0.5,1.5,0.1,0.1,1,0,0,1.1,0, 0, 0.4
444.namd,444.namd_216,2,9,0,0.111111,0.666667,1.44444,0.111111,0,1,0,0,1.22222,0, 0.222222, 0.333333
444.namd,444.namd_217,2,73,0.123288,0.0273973,0.780822,1.58904,0.0547945,0.0136986,1,0,0,1.35616,0, 0.191781, 0.438356
444.namd,444.namd_218,2,55,0,0.0727273,0.654545,1.54545,0.145455,0.0181818,1,0,0,1.14545,0, 0.127273, 0.345455
444.namd,444.namd_219,2,96,0.104167,0.0833333,0.71875,1.625,0.0416667,0.0416667,1,0,0,1.3125,0, 0.177083, 0.416667
444.namd,444.namd_220,2,113,0.0884956,0.0884956,0.681416,1.61947,0.079646,0.0353982,1,0,0,1.26549,0, 0.141593, 0.39823
444.namd,444.namd_221,2,17,0,0.176471,0.647059,1.52941,0,0.0588235,1,0,0,1.11765,0, 0.176471, 0.411765
444.namd,444.namd_222,2,23,0,0.130435,0.652174,1.47826,0.0869565,0.0434783,1,0,0,1.17391,0, 0.130435, 0.391304
444.namd,444.namd_223,2,43,0,0.116279,0.744186,1.5814,0.116279,0,1,0,0,1.18605,0, 0.209302, 0.372093
444.namd,444.namd_224,2,477,0.197065,0.00209644,0.735849,1.54927,0.0461216,0,1,0,0,1.37526,0, 0.167715, 0.457023
444.namd,444.namd_225,2,521,0.199616,0.00191939,0.735125,1.54702,0.0441459,0,1,0,0,1.37428,0, 0.165067, 0.456814
444.namd,444.namd_226,2,262,0.179389,0.00381679,0.740458,1.5458,0.0610687,0,1,0,0,1.36641,0, 0.175573, 0.450382
444.namd,444.namd_227,1,460,0.00652174,0.0869565,0.595652,1.58696,0.152174,0.00652174,1,0,0,1.17391,0, 0.143478, 0.336957
444.namd,444.namd_228,1,28,0,0.107143,0.607143,1.53571,0.178571,0.0357143,1,0,0,1.14286,0, 0.142857, 0.321429
444.namd,444.namd_229,1,32,0,0.125,0.5,1.625,0.21875,0.03125,1,0,0,1.09375,0, 0.0625, 0.28125
444.namd,444.namd_230,2,10,0,0.2,0.5,1.5,0.1,0.1,1,0,0,1.1,0, 0, 0.4
444.namd,444.namd_231,2,10,0,0.2,0.5,1.5,0.1,0.1,1,0,0,1.1,0, 0, 0.4
444.namd,444.namd_232,2,9,0,0.111111,0.666667,1.44444,0.111111,0,1,0,0,1.22222,0, 0.222222, 0.333333
444.namd,444.namd_233,2,73,0.123288,0.0273973,0.780822,1.58904,0.0547945,0.0136986,1,0,0,1.35616,0, 0.191781, 0.438356
444.namd,444.namd_234,2,55,0,0.0727273,0.654545,1.54545,0.145455,0.0181818,1,0,0,1.14545,0, 0.127273, 0.345455
444.namd,444.namd_235,2,96,0.104167,0.0833333,0.71875,1.625,0.0416667,0.0416667,1,0,0,1.3125,0, 0.177083, 0.416667
444.namd,444.namd_236,2,113,0.0884956,0.0884956,0.681416,1.61947,0.079646,0.0353982,1,0,0,1.26549,0, 0.141593, 0.39823
444.namd,444.namd_237,2,17,0,0.176471,0.647059,1.52941,0,0.0588235,1,0,0,1.11765,0, 0.176471, 0.411765
444.namd,444.namd_238,2,23,0,0.130435,0.652174,1.47826,0.0869565,0.0434783,1,0,0,1.17391,0, 0.130435, 0.391304
444.namd,444.namd_239,2,43,0,0.116279,0.744186,1.5814,0.116279,0,1,0,0,1.18605,0, 0.209302, 0.372093
444.namd,444.namd_240,2,537,0.219739,0.0018622,0.72067,1.54376,0.0409683,0,1,0,0,1.3892,0, 0.160149, 0.461825
444.namd,444.namd_241,2,581,0.22031,0.00172117,0.72117,1.54217,0.0395869,0,1,0,0,1.38726,0, 0.158348, 0.461274
444.namd,444.namd_242,2,282,0.195035,0.0035461,0.730496,1.54255,0.0567376,0,1,0,0,1.37589,0, 0.170213, 0.453901
444.namd,444.namd_243,1,460,0.00652174,0.0869565,0.595652,1.58696,0.152174,0.00652174,1,0,0,1.17391,0, 0.143478, 0.336957
444.namd,444.namd_244,1,28,0,0.107143,0.607143,1.53571,0.178571,0.0357143,1,0,0,1.14286,0, 0.142857, 0.321429
444.namd,444.namd_245,1,32,0,0.125,0.5,1.625,0.21875,0.03125,1,0,0,1.09375,0, 0.0625, 0.28125
444.namd,444.namd_246,2,73,0.123288,0.0273973,0.780822,1.58904,0.0547945,0.0136986,1,0,0,1.35616,0, 0.191781, 0.438356
444.namd,444.namd_247,2,55,0,0.0727273,0.654545,1.54545,0.145455,0.0181818,1,0,0,1.14545,0, 0.127273, 0.345455
444.namd,444.namd_248,2,96,0.104167,0.0833333,0.71875,1.625,0.0416667,0.0416667,1,0,0,1.3125,0, 0.177083, 0.416667
444.namd,444.namd_249,2,113,0.0884956,0.0884956,0.681416,1.61947,0.079646,0.0353982,1,0,0,1.26549,0, 0.141593, 0.39823
444.namd,444.namd_250,2,43,0,0.116279,0.744186,1.5814,0.116279,0,1,0,0,1.18605,0, 0.209302, 0.372093
444.namd,444.namd_251,2,337,0.181009,0.00296736,0.732938,1.54599,0.0593472,0,1,0,0,1.36499,0, 0.166172, 0.451039
444.namd,444.namd_252,2,377,0.183024,0.00265252,0.734748,1.54377,0.0557029,0,1,0,0,1.3634,0, 0.161804, 0.450928
444.namd,444.namd_253,2,262,0.179389,0.00381679,0.740458,1.5458,0.0610687,0,1,0,0,1.36641,0, 0.175573, 0.450382
444.namd,444.namd_254,1,431,0.00696056,0.0835267,0.598608,1.59397,0.160093,0.00696056,1,0,0,1.16937,0, 0.143852, 0.334107
444.namd,444.namd_255,1,20,0,0.25,0.4,1.65,0.15,0.1,1,0,0,0.95,0, 0.05, 0.25
444.namd,444.namd_256,1,28,0,0.107143,0.607143,1.53571,0.178571,0.0357143,1,0,0,1.14286,0, 0.142857, 0.321429
444.namd,444.namd_257,1,32,0,0.125,0.5,1.625,0.21875,0.03125,1,0,0,1.09375,0, 0.0625, 0.28125
444.namd,444.namd_258,2,73,0.123288,0.0273973,0.780822,1.58904,0.0547945,0.0136986,1,0,0,1.35616,0, 0.191781, 0.438356
444.namd,444.namd_259,2,55,0,0.0727273,0.654545,1.54545,0.145455,0.0181818,1,0,0,1.14545,0, 0.127273, 0.345455
444.namd,444.namd_260,2,96,0.104167,0.0833333,0.71875,1.625,0.0416667,0.0416667,1,0,0,1.3125,0, 0.177083, 0.416667
444.namd,444.namd_261,2,113,0.0884956,0.0884956,0.681416,1.61947,0.079646,0.0353982,1,0,0,1.26549,0, 0.141593, 0.39823
444.namd,444.namd_262,2,43,0,0.116279,0.744186,1.5814,0.116279,0,1,0,0,1.18605,0, 0.209302, 0.372093
444.namd,444.namd_263,2,377,0.204244,0.00265252,0.718833,1.54111,0.0530504,0,1,0,0,1.37931,0, 0.159151, 0.456233
444.namd,444.namd_264,2,417,0.203837,0.00239808,0.721823,1.53957,0.0503597,0,1,0,0,1.3765,0, 0.155875, 0.455635
444.namd,444.namd_265,2,282,0.195035,0.0035461,0.730496,1.54255,0.0567376,0,1,0,0,1.37589,0, 0.170213, 0.453901
444.namd,444.namd_266,1,431,0.00696056,0.0835267,0.598608,1.59397,0.160093,0.00696056,1,0,0,1.16937,0, 0.143852, 0.334107
444.namd,444.namd_267,1,20,0,0.25,0.4,1.65,0.15,0.1,1,0,0,0.95,0, 0.05, 0.25
444.namd,444.namd_268,1,28,0,0.107143,0.607143,1.53571,0.178571,0.0357143,1,0,0,1.14286,0, 0.142857, 0.321429
444.namd,444.namd_269,1,32,0,0.125,0.5,1.625,0.21875,0.03125,1,0,0,1.09375,0, 0.0625, 0.28125
444.namd,444.namd_270,2,10,0,0.2,0.5,1.5,0.1,0.1,1,0,0,1.1,0, 0, 0.4
444.namd,444.namd_271,2,10,0,0.2,0.5,1.5,0.1,0.1,1,0,0,1.1,0, 0, 0.4
444.namd,444.namd_272,2,9,0,0.111111,0.666667,1.44444,0.111111,0,1,0,0,1.22222,0, 0.222222, 0.333333
444.namd,444.namd_273,2,73,0.123288,0.0273973,0.780822,1.58904,0.0547945,0.0136986,1,0,0,1.35616,0, 0.191781, 0.438356
444.namd,444.namd_274,2,55,0,0.0727273,0.654545,1.54545,0.145455,0.0181818,1,0,0,1.14545,0, 0.127273, 0.345455
444.namd,444.namd_275,2,96,0.104167,0.0833333,0.71875,1.625,0.0416667,0.0416667,1,0,0,1.3125,0, 0.177083, 0.416667
444.namd,444.namd_276,2,113,0.0884956,0.0884956,0.681416,1.61947,0.079646,0.0353982,1,0,0,1.26549,0, 0.141593, 0.39823
444.namd,444.namd_277,2,17,0,0.176471,0.647059,1.52941,0,0.0588235,1,0,0,1.11765,0, 0.176471, 0.411765
444.namd,444.namd_278,2,23,0,0.130435,0.652174,1.47826,0.0869565,0.0434783,1,0,0,1.17391,0, 0.130435, 0.391304
444.namd,444.namd_279,2,43,0,0.116279,0.744186,1.5814,0.116279,0,1,0,0,1.18605,0, 0.209302, 0.372093
444.namd,444.namd_280,2,337,0.181009,0.00296736,0.732938,1.54599,0.0593472,0,1,0,0,1.36499,0, 0.166172, 0.451039
444.namd,444.namd_281,2,377,0.183024,0.00265252,0.734748,1.54377,0.0557029,0,1,0,0,1.3634,0, 0.161804, 0.450928
444.namd,444.namd_282,2,262,0.179389,0.00381679,0.740458,1.5458,0.0610687,0,1,0,0,1.36641,0, 0.175573, 0.450382
444.namd,444.namd_283,1,455,0.00659341,0.0879121,0.593407,1.58901,0.151648,0.00659341,1,0,0,1.17143,0, 0.142857, 0.336264
444.namd,444.namd_284,1,28,0,0.107143,0.607143,1.53571,0.178571,0.0357143,1,0,0,1.14286,0, 0.142857, 0.321429
444.namd,444.namd_285,1,32,0,0.125,0.5,1.625,0.21875,0.03125,1,0,0,1.09375,0, 0.0625, 0.28125
444.namd,444.namd_286,2,10,0,0.2,0.5,1.5,0.1,0.1,1,0,0,1.1,0, 0, 0.4
444.namd,444.namd_287,2,10,0,0.2,0.5,1.5,0.1,0.1,1,0,0,1.1,0, 0, 0.4
444.namd,444.namd_288,2,9,0,0.111111,0.666667,1.44444,0.111111,0,1,0,0,1.22222,0, 0.222222, 0.333333
444.namd,444.namd_289,2,73,0.123288,0.0273973,0.780822,1.58904,0.0547945,0.0136986,1,0,0,1.35616,0, 0.191781, 0.438356
444.namd,444.namd_290,2,55,0,0.0727273,0.654545,1.54545,0.145455,0.0181818,1,0,0,1.14545,0, 0.127273, 0.345455
444.namd,444.namd_291,2,96,0.104167,0.0833333,0.71875,1.625,0.0416667,0.0416667,1,0,0,1.3125,0, 0.177083, 0.416667
444.namd,444.namd_292,2,113,0.0884956,0.0884956,0.681416,1.61947,0.079646,0.0353982,1,0,0,1.26549,0, 0.141593, 0.39823
444.namd,444.namd_293,2,17,0,0.176471,0.647059,1.52941,0,0.0588235,1,0,0,1.11765,0, 0.176471, 0.411765
444.namd,444.namd_294,2,23,0,0.130435,0.652174,1.47826,0.0869565,0.0434783,1,0,0,1.17391,0, 0.130435, 0.391304
444.namd,444.namd_295,2,43,0,0.116279,0.744186,1.5814,0.116279,0,1,0,0,1.18605,0, 0.209302, 0.372093
444.namd,444.namd_296,2,377,0.204244,0.00265252,0.718833,1.54111,0.0530504,0,1,0,0,1.37931,0, 0.159151, 0.456233
444.namd,444.namd_297,2,417,0.203837,0.00239808,0.721823,1.53957,0.0503597,0,1,0,0,1.3765,0, 0.155875, 0.455635
444.namd,444.namd_298,2,282,0.195035,0.0035461,0.730496,1.54255,0.0567376,0,1,0,0,1.37589,0, 0.170213, 0.453901
444.namd,444.namd_299,1,455,0.00659341,0.0879121,0.593407,1.58901,0.151648,0.00659341,1,0,0,1.17143,0, 0.142857, 0.336264
444.namd,444.namd_300,1,28,0,0.107143,0.607143,1.53571,0.178571,0.0357143,1,0,0,1.14286,0, 0.142857, 0.321429
444.namd,444.namd_301,1,32,0,0.125,0.5,1.625,0.21875,0.03125,1,0,0,1.09375,0, 0.0625, 0.28125
444.namd,444.namd_302,2,73,0.123288,0.0273973,0.780822,1.58904,0.0547945,0.0136986,1,0,0,1.35616,0, 0.191781, 0.438356
444.namd,444.namd_303,2,55,0,0.0727273,0.654545,1.54545,0.145455,0.0181818,1,0,0,1.14545,0, 0.127273, 0.345455
444.namd,444.namd_304,2,96,0.104167,0.0833333,0.71875,1.625,0.0416667,0.0416667,1,0,0,1.3125,0, 0.177083, 0.416667
444.namd,444.namd_305,2,113,0.0884956,0.0884956,0.681416,1.61947,0.079646,0.0353982,1,0,0,1.26549,0, 0.141593, 0.39823
444.namd,444.namd_306,2,43,0,0.116279,0.744186,1.5814,0.116279,0,1,0,0,1.18605,0, 0.209302, 0.372093
444.namd,444.namd_307,2,232,0.185345,0.00431034,0.732759,1.55172,0.0646552,0,1,0,0,1.37069,0, 0.176724, 0.448276
444.namd,444.namd_308,2,270,0.188889,0.0037037,0.733333,1.54444,0.0592593,0,1,0,0,1.37037,0, 0.17037, 0.451852
444.namd,444.namd_309,2,262,0.179389,0.00381679,0.740458,1.5458,0.0610687,0,1,0,0,1.36641,0, 0.175573, 0.450382
444.namd,444.namd_310,1,431,0.00696056,0.0835267,0.598608,1.59397,0.160093,0.00696056,1,0,0,1.16937,0, 0.143852, 0.334107
444.namd,444.namd_311,1,20,0,0.25,0.4,1.65,0.15,0.1,1,0,0,0.95,0, 0.05, 0.25
444.namd,444.namd_312,1,28,0,0.107143,0.607143,1.53571,0.178571,0.0357143,1,0,0,1.14286,0, 0.142857, 0.321429
444.namd,444.namd_313,1,32,0,0.125,0.5,1.625,0.21875,0.03125,1,0,0,1.09375,0, 0.0625, 0.28125
444.namd,444.namd_314,2,73,0.123288,0.0273973,0.780822,1.58904,0.0547945,0.0136986,1,0,0,1.35616,0, 0.191781, 0.438356
444.namd,444.namd_315,2,55,0,0.0727273,0.654545,1.54545,0.145455,0.0181818,1,0,0,1.14545,0, 0.127273, 0.345455
444.namd,444.namd_316,2,96,0.104167,0.0833333,0.71875,1.625,0.0416667,0.0416667,1,0,0,1.3125,0, 0.177083, 0.416667
444.namd,444.namd_317,2,113,0.0884956,0.0884956,0.681416,1.61947,0.079646,0.0353982,1,0,0,1.26549,0, 0.141593, 0.39823
444.namd,444.namd_318,2,43,0,0.116279,0.744186,1.5814,0.116279,0,1,0,0,1.18605,0, 0.209302, 0.372093
444.namd,444.namd_319,2,252,0.202381,0.00396825,0.722222,1.54762,0.0595238,0,1,0,0,1.38095,0, 0.170635, 0.452381
444.namd,444.namd_320,2,290,0.203448,0.00344828,0.724138,1.54138,0.0551724,0,1,0,0,1.37931,0, 0.165517, 0.455172
444.namd,444.namd_321,2,282,0.195035,0.0035461,0.730496,1.54255,0.0567376,0,1,0,0,1.37589,0, 0.170213, 0.453901
444.namd,444.namd_322,1,431,0.00696056,0.0835267,0.598608,1.59397,0.160093,0.00696056,1,0,0,1.16937,0, 0.143852, 0.334107
444.namd,444.namd_323,1,20,0,0.25,0.4,1.65,0.15,0.1,1,0,0,0.95,0, 0.05, 0.25
444.namd,444.namd_324,1,28,0,0.107143,0.607143,1.53571,0.178571,0.0357143,1,0,0,1.14286,0, 0.142857, 0.321429
444.namd,444.namd_325,1,32,0,0.125,0.5,1.625,0.21875,0.03125,1,0,0,1.09375,0, 0.0625, 0.28125
444.namd,444.namd_326,2,10,0,0.2,0.5,1.5,0.1,0.1,1,0,0,1.1,0, 0, 0.4
444.namd,444.namd_327,2,10,0,0.2,0.5,1.5,0.1,0.1,1,0,0,1.1,0, 0, 0.4
444.namd,444.namd_328,2,9,0,0.111111,0.666667,1.44444,0.111111,0,1,0,0,1.22222,0, 0.222222, 0.333333
444.namd,444.namd_329,2,73,0.123288,0.0273973,0.780822,1.58904,0.0547945,0.0136986,1,0,0,1.35616,0, 0.191781, 0.438356
444.namd,444.namd_330,2,55,0,0.0727273,0.654545,1.54545,0.145455,0.0181818,1,0,0,1.14545,0, 0.127273, 0.345455
444.namd,444.namd_331,2,96,0.104167,0.0833333,0.71875,1.625,0.0416667,0.0416667,1,0,0,1.3125,0, 0.177083, 0.416667
444.namd,444.namd_332,2,113,0.0884956,0.0884956,0.681416,1.61947,0.079646,0.0353982,1,0,0,1.26549,0, 0.141593, 0.39823
444.namd,444.namd_333,2,17,0,0.176471,0.647059,1.52941,0,0.0588235,1,0,0,1.11765,0, 0.176471, 0.411765
444.namd,444.namd_334,2,23,0,0.130435,0.652174,1.47826,0.0869565,0.0434783,1,0,0,1.17391,0, 0.130435, 0.391304
444.namd,444.namd_335,2,43,0,0.116279,0.744186,1.5814,0.116279,0,1,0,0,1.18605,0, 0.209302, 0.372093
444.namd,444.namd_336,2,232,0.185345,0.00431034,0.732759,1.55172,0.0646552,0,1,0,0,1.37069,0, 0.176724, 0.448276
444.namd,444.namd_337,2,270,0.188889,0.0037037,0.733333,1.54444,0.0592593,0,1,0,0,1.37037,0, 0.17037, 0.451852
444.namd,444.namd_338,2,262,0.179389,0.00381679,0.740458,1.5458,0.0610687,0,1,0,0,1.36641,0, 0.175573, 0.450382
444.namd,444.namd_339,1,455,0.00659341,0.0879121,0.593407,1.58901,0.151648,0.00659341,1,0,0,1.17143,0, 0.142857, 0.336264
444.namd,444.namd_340,1,28,0,0.107143,0.607143,1.53571,0.178571,0.0357143,1,0,0,1.14286,0, 0.142857, 0.321429
444.namd,444.namd_341,1,32,0,0.125,0.5,1.625,0.21875,0.03125,1,0,0,1.09375,0, 0.0625, 0.28125
444.namd,444.namd_342,2,10,0,0.2,0.5,1.5,0.1,0.1,1,0,0,1.1,0, 0, 0.4
444.namd,444.namd_343,2,10,0,0.2,0.5,1.5,0.1,0.1,1,0,0,1.1,0, 0, 0.4
444.namd,444.namd_344,2,9,0,0.111111,0.666667,1.44444,0.111111,0,1,0,0,1.22222,0, 0.222222, 0.333333
444.namd,444.namd_345,2,73,0.123288,0.0273973,0.780822,1.58904,0.0547945,0.0136986,1,0,0,1.35616,0, 0.191781, 0.438356
444.namd,444.namd_346,2,55,0,0.0727273,0.654545,1.54545,0.145455,0.0181818,1,0,0,1.14545,0, 0.127273, 0.345455
444.namd,444.namd_347,2,96,0.104167,0.0833333,0.71875,1.625,0.0416667,0.0416667,1,0,0,1.3125,0, 0.177083, 0.416667
444.namd,444.namd_348,2,113,0.0884956,0.0884956,0.681416,1.61947,0.079646,0.0353982,1,0,0,1.26549,0, 0.141593, 0.39823
444.namd,444.namd_349,2,17,0,0.176471,0.647059,1.52941,0,0.0588235,1,0,0,1.11765,0, 0.176471, 0.411765
444.namd,444.namd_350,2,23,0,0.130435,0.652174,1.47826,0.0869565,0.0434783,1,0,0,1.17391,0, 0.130435, 0.391304
444.namd,444.namd_351,2,43,0,0.116279,0.744186,1.5814,0.116279,0,1,0,0,1.18605,0, 0.209302, 0.372093
444.namd,444.namd_352,2,252,0.202381,0.00396825,0.722222,1.54762,0.0595238,0,1,0,0,1.38095,0, 0.170635, 0.452381
444.namd,444.namd_353,2,290,0.203448,0.00344828,0.724138,1.54138,0.0551724,0,1,0,0,1.37931,0, 0.165517, 0.455172
444.namd,444.namd_354,2,282,0.195035,0.0035461,0.730496,1.54255,0.0567376,0,1,0,0,1.37589,0, 0.170213, 0.453901
444.namd,444.namd_355,1,455,0.00659341,0.0879121,0.593407,1.58901,0.151648,0.00659341,1,0,0,1.17143,0, 0.142857, 0.336264
444.namd,444.namd_356,1,28,0,0.107143,0.607143,1.53571,0.178571,0.0357143,1,0,0,1.14286,0, 0.142857, 0.321429
444.namd,444.namd_357,1,32,0,0.125,0.5,1.625,0.21875,0.03125,1,0,0,1.09375,0, 0.0625, 0.28125
444.namd,444.namd_358,2,73,0.123288,0.0273973,0.780822,1.58904,0.0547945,0.0136986,1,428636,0,1.35616,0, 0.191781, 0.438356
444.namd,444.namd_359,2,55,0,0.0727273,0.654545,1.54545,0.145455,0.0181818,1,428636,0,1.14545,0, 0.127273, 0.345455
444.namd,444.namd_360,2,96,0.104167,0.0833333,0.71875,1.625,0.0416667,0.0416667,1,472929,0,1.3125,0, 0.177083, 0.416667
444.namd,444.namd_361,2,113,0.0884956,0.0884956,0.681416,1.61947,0.079646,0.0353982,1,0,0,1.26549,0, 0.141593, 0.39823
444.namd,444.namd_362,2,43,0,0.116279,0.744186,1.5814,0.116279,0,1,472929,0,1.18605,0, 0.209302, 0.372093
444.namd,444.namd_363,2,319,0.188088,0.0031348,0.730408,1.54859,0.0532915,0,1,472929,0,1.36677,0, 0.163009, 0.451411
444.namd,444.namd_364,2,325,0.190769,0.00307692,0.729231,1.55077,0.0523077,0,1,472929,0,1.36615,0, 0.163077, 0.449231
444.namd,444.namd_365,1,407,0.00737101,0.0859951,0.601966,1.59951,0.154791,0.00737101,1,1872,0,1.17199,0, 0.142506, 0.336609
444.namd,444.namd_366,1,20,0,0.25,0.4,1.65,0.15,0.1,1,0,0,0.95,0, 0.05, 0.25
444.namd,444.namd_367,1,28,0,0.107143,0.607143,1.53571,0.178571,0.0357143,1,0,0,1.14286,0, 0.142857, 0.321429
444.namd,444.namd_368,1,32,0,0.125,0.5,1.625,0.21875,0.03125,1,1872,0,1.09375,0, 0.0625, 0.28125
444.namd,444.namd_369,2,73,0.123288,0.0273973,0.780822,1.58904,0.0547945,0.0136986,1,428636,0,1.35616,0, 0.191781, 0.438356
444.namd,444.namd_370,2,55,0,0.0727273,0.654545,1.54545,0.145455,0.0181818,1,428636,0,1.14545,0, 0.127273, 0.345455
444.namd,444.namd_371,2,96,0.104167,0.0833333,0.71875,1.625,0.0416667,0.0416667,1,472929,0,1.3125,0, 0.177083, 0.416667
444.namd,444.namd_372,2,113,0.0884956,0.0884956,0.681416,1.61947,0.079646,0.0353982,1,0,0,1.26549,0, 0.141593, 0.39823
444.namd,444.namd_373,2,43,0,0.116279,0.744186,1.5814,0.116279,0,1,472929,0,1.18605,0, 0.209302, 0.372093
444.namd,444.namd_374,2,355,0.208451,0.0028169,0.71831,1.54366,0.0478873,0,1,472929,0,1.38028,0, 0.157746, 0.456338
444.namd,444.namd_375,2,361,0.210526,0.00277008,0.717452,1.54571,0.0470914,0,1,472929,0,1.3795,0, 0.157895, 0.454294
444.namd,444.namd_376,1,407,0.00737101,0.0859951,0.601966,1.59951,0.154791,0.00737101,1,1872,0,1.17199,0, 0.142506, 0.336609
444.namd,444.namd_377,1,20,0,0.25,0.4,1.65,0.15,0.1,1,0,0,0.95,0, 0.05, 0.25
444.namd,444.namd_378,1,28,0,0.107143,0.607143,1.53571,0.178571,0.0357143,1,0,0,1.14286,0, 0.142857, 0.321429
444.namd,444.namd_379,1,32,0,0.125,0.5,1.625,0.21875,0.03125,1,1872,0,1.09375,0, 0.0625, 0.28125
444.namd,444.namd_380,2,10,0,0.2,0.5,1.5,0.1,0.1,1,32992,0,1.1,0, 0, 0.4
444.namd,444.namd_381,2,10,0,0.2,0.5,1.5,0.1,0.1,1,32992,0,1.1,0, 0, 0.4
444.namd,444.namd_382,2,9,0,0.111111,0.666667,1.44444,0.111111,0,1,32992,0,1.22222,0, 0.222222, 0.333333
444.namd,444.namd_383,2,73,0.123288,0.0273973,0.780822,1.58904,0.0547945,0.0136986,1,32848,0,1.35616,0, 0.191781, 0.438356
444.namd,444.namd_384,2,55,0,0.0727273,0.654545,1.54545,0.145455,0.0181818,1,32848,0,1.14545,0, 0.127273, 0.345455
444.namd,444.namd_385,2,96,0.104167,0.0833333,0.71875,1.625,0.0416667,0.0416667,1,91996,0,1.3125,0, 0.177083, 0.416667
444.namd,444.namd_386,2,113,0.0884956,0.0884956,0.681416,1.61947,0.079646,0.0353982,1,0,0,1.26549,0, 0.141593, 0.39823
444.namd,444.namd_387,2,17,0,0.176471,0.647059,1.52941,0,0.0588235,1,92080,0,1.11765,0, 0.176471, 0.411765
444.namd,444.namd_388,2,23,0,0.130435,0.652174,1.47826,0.0869565,0.0434783,1,92080,0,1.17391,0, 0.130435, 0.391304
444.namd,444.namd_389,2,43,0,0.116279,0.744186,1.5814,0.116279,0,1,92080,0,1.18605,0, 0.209302, 0.372093
444.namd,444.namd_390,2,319,0.188088,0.0031348,0.730408,1.54859,0.0532915,0,1,92080,0,1.36677,0, 0.163009, 0.451411
444.namd,444.namd_391,2,325,0.190769,0.00307692,0.729231,1.55077,0.0523077,0,1,92080,0,1.36615,0, 0.163077, 0.449231
444.namd,444.namd_392,1,431,0.00696056,0.0904872,0.596288,1.59397,0.146172,0.00696056,1,144,0,1.17401,0, 0.141531, 0.338747
444.namd,444.namd_393,1,28,0,0.107143,0.607143,1.53571,0.178571,0.0357143,1,0,0,1.14286,0, 0.142857, 0.321429
444.namd,444.namd_394,1,32,0,0.125,0.5,1.625,0.21875,0.03125,1,144,0,1.09375,0, 0.0625, 0.28125
444.namd,444.namd_395,2,10,0,0.2,0.5,1.5,0.1,0.1,1,32992,0,1.1,0, 0, 0.4
444.namd,444.namd_396,2,10,0,0.2,0.5,1.5,0.1,0.1,1,32992,0,1.1,0, 0, 0.4
444.namd,444.namd_397,2,9,0,0.111111,0.666667,1.44444,0.111111,0,1,32992,0,1.22222,0, 0.222222, 0.333333
444.namd,444.namd_398,2,73,0.123288,0.0273973,0.780822,1.58904,0.0547945,0.0136986,1,32848,0,1.35616,0, 0.191781, 0.438356
444.namd,444.namd_399,2,55,0,0.0727273,0.654545,1.54545,0.145455,0.0181818,1,32848,0,1.14545,0, 0.127273, 0.345455
444.namd,444.namd_400,2,96,0.104167,0.0833333,0.71875,1.625,0.0416667,0.0416667,1,91996,0,1.3125,0, 0.177083, 0.416667
444.namd,444.namd_401,2,113,0.0884956,0.0884956,0.681416,1.61947,0.079646,0.0353982,1,0,0,1.26549,0, 0.141593, 0.39823
444.namd,444.namd_402,2,17,0,0.176471,0.647059,1.52941,0,0.0588235,1,92080,0,1.11765,0, 0.176471, 0.411765
444.namd,444.namd_403,2,23,0,0.130435,0.652174,1.47826,0.0869565,0.0434783,1,92080,0,1.17391,0, 0.130435, 0.391304
444.namd,444.namd_404,2,43,0,0.116279,0.744186,1.5814,0.116279,0,1,92080,0,1.18605,0, 0.209302, 0.372093
444.namd,444.namd_405,2,355,0.208451,0.0028169,0.71831,1.54366,0.0478873,0,1,92080,0,1.38028,0, 0.157746, 0.456338
444.namd,444.namd_406,2,361,0.210526,0.00277008,0.717452,1.54571,0.0470914,0,1,92080,0,1.3795,0, 0.157895, 0.454294
444.namd,444.namd_407,1,431,0.00696056,0.0904872,0.596288,1.59397,0.146172,0.00696056,1,144,0,1.17401,0, 0.141531, 0.338747
444.namd,444.namd_408,1,28,0,0.107143,0.607143,1.53571,0.178571,0.0357143,1,0,0,1.14286,0, 0.142857, 0.321429
444.namd,444.namd_409,1,32,0,0.125,0.5,1.625,0.21875,0.03125,1,144,0,1.09375,0, 0.0625, 0.28125
444.namd,444.namd_410,2,73,0.123288,0.0273973,0.780822,1.58904,0.0547945,0.0136986,1,428636,0,1.35616,0, 0.191781, 0.438356
444.namd,444.namd_411,2,55,0,0.0727273,0.654545,1.54545,0.145455,0.0181818,1,428636,0,1.14545,0, 0.127273, 0.345455
444.namd,444.namd_412,2,96,0.104167,0.0833333,0.71875,1.625,0.0416667,0.0416667,1,472929,0,1.3125,0, 0.177083, 0.416667
444.namd,444.namd_413,2,113,0.0884956,0.0884956,0.681416,1.61947,0.079646,0.0353982,1,0,0,1.26549,0, 0.141593, 0.39823
444.namd,444.namd_414,2,43,0,0.116279,0.744186,1.5814,0.116279,0,1,472929,0,1.18605,0, 0.209302, 0.372093
444.namd,444.namd_415,2,463,0.198704,0.00215983,0.738661,1.55076,0.0410367,0,1,472929,0,1.37797,0, 0.170626, 0.457883
444.namd,444.namd_416,2,507,0.201183,0.00197239,0.737673,1.54832,0.0394477,0,1,472929,0,1.37673,0, 0.167653, 0.457594
444.namd,444.namd_417,2,250,0.184,0.004,0.744,1.548,0.052,0,1,472929,0,1.372,0, 0.18, 0.452
444.namd,444.namd_418,1,424,0.00707547,0.0849057,0.601415,1.59198,0.158019,0.00707547,1,1872,0,1.17453,0, 0.146226, 0.334906
444.namd,444.namd_419,1,20,0,0.25,0.4,1.65,0.15,0.1,1,0,0,0.95,0, 0.05, 0.25
444.namd,444.namd_420,1,28,0,0.107143,0.607143,1.53571,0.178571,0.0357143,1,0,0,1.14286,0, 0.142857, 0.321429
444.namd,444.namd_421,1,32,0,0.125,0.5,1.625,0.21875,0.03125,1,1872,0,1.09375,0, 0.0625, 0.28125
444.namd,444.namd_422,2,73,0.123288,0.0273973,0.780822,1.58904,0.0547945,0.0136986,1,428636,0,1.35616,0, 0.191781, 0.438356
444.namd,444.namd_423,2,55,0,0.0727273,0.654545,1.54545,0.145455,0.0181818,1,428636,0,1.14545,0, 0.127273, 0.345455
444.namd,444.namd_424,2,96,0.104167,0.0833333,0.71875,1.625,0.0416667,0.0416667,1,472929,0,1.3125,0, 0.177083, 0.416667
444.namd,444.namd_425,2,113,0.0884956,0.0884956,0.681416,1.61947,0.079646,0.0353982,1,0,0,1.26549,0, 0.141593, 0.39823
444.namd,444.namd_426,2,43,0,0.116279,0.744186,1.5814,0.116279,0,1,472929,0,1.18605,0, 0.209302, 0.372093
444.namd,444.namd_427,2,517,0.218569,0.00193424,0.725338,1.54545,0.0367505,0,1,472929,0,1.39072,0, 0.16441, 0.462282
444.namd,444.namd_428,2,561,0.219251,0.00178253,0.72549,1.54367,0.0356506,0,1,472929,0,1.38859,0, 0.16221, 0.461676
444.namd,444.namd_429,2,268,0.197761,0.00373134,0.735075,1.54478,0.0485075,0,1,472929,0,1.3806,0, 0.175373, 0.455224
444.namd,444.namd_430,1,424,0.00707547,0.0849057,0.601415,1.59198,0.158019,0.00707547,1,1872,0,1.17453,0, 0.146226, 0.334906
444.namd,444.namd_431,1,20,0,0.25,0.4,1.65,0.15,0.1,1,0,0,0.95,0, 0.05, 0.25
444.namd,444.namd_432,1,28,0,0.107143,0.607143,1.53571,0.178571,0.0357143,1,0,0,1.14286,0, 0.142857, 0.321429
444.namd,444.namd_433,1,32,0,0.125,0.5,1.625,0.21875,0.03125,1,1872,0,1.09375,0, 0.0625, 0.28125
444.namd,444.namd_434,2,10,0,0.2,0.5,1.5,0.1,0.1,1,32992,0,1.1,0, 0, 0.4
444.namd,444.namd_435,2,10,0,0.2,0.5,1.5,0.1,0.1,1,32992,0,1.1,0, 0, 0.4
444.namd,444.namd_436,2,9,0,0.111111,0.666667,1.44444,0.111111,0,1,32992,0,1.22222,0, 0.222222, 0.333333
444.namd,444.namd_437,2,73,0.123288,0.0273973,0.780822,1.58904,0.0547945,0.0136986,1,32848,0,1.35616,0, 0.191781, 0.438356
444.namd,444.namd_438,2,55,0,0.0727273,0.654545,1.54545,0.145455,0.0181818,1,32848,0,1.14545,0, 0.127273, 0.345455
444.namd,444.namd_439,2,96,0.104167,0.0833333,0.71875,1.625,0.0416667,0.0416667,1,91996,0,1.3125,0, 0.177083, 0.416667
444.namd,444.namd_440,2,113,0.0884956,0.0884956,0.681416,1.61947,0.079646,0.0353982,1,0,0,1.26549,0, 0.141593, 0.39823
444.namd,444.namd_441,2,17,0,0.176471,0.647059,1.52941,0,0.0588235,1,92080,0,1.11765,0, 0.176471, 0.411765
444.namd,444.namd_442,2,23,0,0.130435,0.652174,1.47826,0.0869565,0.0434783,1,92080,0,1.17391,0, 0.130435, 0.391304
444.namd,444.namd_443,2,43,0,0.116279,0.744186,1.5814,0.116279,0,1,92080,0,1.18605,0, 0.209302, 0.372093
444.namd,444.namd_444,2,463,0.198704,0.00215983,0.738661,1.55076,0.0410367,0,1,92080,0,1.37797,0, 0.170626, 0.457883
444.namd,444.namd_445,2,507,0.201183,0.00197239,0.737673,1.54832,0.0394477,0,1,92080,0,1.37673,0, 0.167653, 0.457594
444.namd,444.namd_446,2,250,0.184,0.004,0.744,1.548,0.052,0,1,92080,0,1.372,0, 0.18, 0.452
444.namd,444.namd_447,1,448,0.00669643,0.0892857,0.595982,1.58705,0.149554,0.00669643,1,144,0,1.17634,0, 0.145089, 0.337054
444.namd,444.namd_448,1,28,0,0.107143,0.607143,1.53571,0.178571,0.0357143,1,0,0,1.14286,0, 0.142857, 0.321429
444.namd,444.namd_449,1,32,0,0.125,0.5,1.625,0.21875,0.03125,1,144,0,1.09375,0, 0.0625, 0.28125
444.namd,444.namd_450,2,10,0,0.2,0.5,1.5,0.1,0.1,1,32992,0,1.1,0, 0, 0.4
444.namd,444.namd_451,2,10,0,0.2,0.5,1.5,0.1,0.1,1,32992,0,1.1,0, 0, 0.4
444.namd,444.namd_452,2,9,0,0.111111,0.666667,1.44444,0.111111,0,1,32992,0,1.22222,0, 0.222222, 0.333333
444.namd,444.namd_453,2,73,0.123288,0.0273973,0.780822,1.58904,0.0547945,0.0136986,1,32848,0,1.35616,0, 0.191781, 0.438356
444.namd,444.namd_454,2,55,0,0.0727273,0.654545,1.54545,0.145455,0.0181818,1,32848,0,1.14545,0, 0.127273, 0.345455
444.namd,444.namd_455,2,96,0.104167,0.0833333,0.71875,1.625,0.0416667,0.0416667,1,91996,0,1.3125,0, 0.177083, 0.416667
444.namd,444.namd_456,2,113,0.0884956,0.0884956,0.681416,1.61947,0.079646,0.0353982,1,0,0,1.26549,0, 0.141593, 0.39823
444.namd,444.namd_457,2,17,0,0.176471,0.647059,1.52941,0,0.0588235,1,92080,0,1.11765,0, 0.176471, 0.411765
444.namd,444.namd_458,2,23,0,0.130435,0.652174,1.47826,0.0869565,0.0434783,1,92080,0,1.17391,0, 0.130435, 0.391304
444.namd,444.namd_459,2,43,0,0.116279,0.744186,1.5814,0.116279,0,1,92080,0,1.18605,0, 0.209302, 0.372093
444.namd,444.namd_460,2,517,0.218569,0.00193424,0.725338,1.54545,0.0367505,0,1,92080,0,1.39072,0, 0.16441, 0.462282
444.namd,444.namd_461,2,561,0.219251,0.00178253,0.72549,1.54367,0.0356506,0,1,92080,0,1.38859,0, 0.16221, 0.461676
444.namd,444.namd_462,2,268,0.197761,0.00373134,0.735075,1.54478,0.0485075,0,1,92080,0,1.3806,0, 0.175373, 0.455224
444.namd,444.namd_463,1,448,0.00669643,0.0892857,0.595982,1.58705,0.149554,0.00669643,1,144,0,1.17634,0, 0.145089, 0.337054
444.namd,444.namd_464,1,28,0,0.107143,0.607143,1.53571,0.178571,0.0357143,1,0,0,1.14286,0, 0.142857, 0.321429
444.namd,444.namd_465,1,32,0,0.125,0.5,1.625,0.21875,0.03125,1,144,0,1.09375,0, 0.0625, 0.28125
444.namd,444.namd_466,2,73,0.123288,0.0273973,0.780822,1.58904,0.0547945,0.0136986,1,428636,0,1.35616,0, 0.191781, 0.438356
444.namd,444.namd_467,2,55,0,0.0727273,0.654545,1.54545,0.145455,0.0181818,1,428636,0,1.14545,0, 0.127273, 0.345455
444.namd,444.namd_468,2,96,0.104167,0.0833333,0.71875,1.625,0.0416667,0.0416667,1,472929,0,1.3125,0, 0.177083, 0.416667
444.namd,444.namd_469,2,113,0.0884956,0.0884956,0.681416,1.61947,0.079646,0.0353982,1,0,0,1.26549,0, 0.141593, 0.39823
444.namd,444.namd_470,2,43,0,0.116279,0.744186,1.5814,0.116279,0,1,472929,0,1.18605,0, 0.209302, 0.372093
444.namd,444.namd_471,2,325,0.184615,0.00307692,0.735385,1.54769,0.0523077,0,1,472929,0,1.36923,0, 0.169231, 0.452308
444.namd,444.namd_472,2,365,0.186301,0.00273973,0.736986,1.54521,0.0493151,0,1,472929,0,1.36712,0, 0.164384, 0.452055
444.namd,444.namd_473,2,250,0.184,0.004,0.744,1.548,0.052,0,1,472929,0,1.372,0, 0.18, 0.452
444.namd,444.namd_474,1,419,0.0071599,0.0859189,0.599045,1.59427,0.157518,0.0071599,1,1872,0,1.17184,0, 0.145585, 0.334129
444.namd,444.namd_475,1,20,0,0.25,0.4,1.65,0.15,0.1,1,0,0,0.95,0, 0.05, 0.25
444.namd,444.namd_476,1,28,0,0.107143,0.607143,1.53571,0.178571,0.0357143,1,0,0,1.14286,0, 0.142857, 0.321429
444.namd,444.namd_477,1,32,0,0.125,0.5,1.625,0.21875,0.03125,1,1872,0,1.09375,0, 0.0625, 0.28125
444.namd,444.namd_478,2,73,0.123288,0.0273973,0.780822,1.58904,0.0547945,0.0136986,1,428636,0,1.35616,0, 0.191781, 0.438356
444.namd,444.namd_479,2,55,0,0.0727273,0.654545,1.54545,0.145455,0.0181818,1,428636,0,1.14545,0, 0.127273, 0.345455
444.namd,444.namd_480,2,96,0.104167,0.0833333,0.71875,1.625,0.0416667,0.0416667,1,472929,0,1.3125,0, 0.177083, 0.416667
444.namd,444.namd_481,2,113,0.0884956,0.0884956,0.681416,1.61947,0.079646,0.0353982,1,0,0,1.26549,0, 0.141593, 0.39823
444.namd,444.namd_482,2,43,0,0.116279,0.744186,1.5814,0.116279,0,1,472929,0,1.18605,0, 0.209302, 0.372093
444.namd,444.namd_483,2,361,0.204986,0.00277008,0.722992,1.54294,0.0470914,0,1,472929,0,1.38227,0, 0.163435, 0.457064
444.namd,444.namd_484,2,401,0.204489,0.00249377,0.725686,1.54115,0.0448878,0,1,472929,0,1.37905,0, 0.159601, 0.456359
444.namd,444.namd_485,2,268,0.197761,0.00373134,0.735075,1.54478,0.0485075,0,1,472929,0,1.3806,0, 0.175373, 0.455224
444.namd,444.namd_486,1,419,0.0071599,0.0859189,0.599045,1.59427,0.157518,0.0071599,1,1872,0,1.17184,0, 0.145585, 0.334129
444.namd,444.namd_487,1,20,0,0.25,0.4,1.65,0.15,0.1,1,0,0,0.95,0, 0.05, 0.25
444.namd,444.namd_488,1,28,0,0.107143,0.607143,1.53571,0.178571,0.0357143,1,0,0,1.14286,0, 0.142857, 0.321429
444.namd,444.namd_489,1,32,0,0.125,0.5,1.625,0.21875,0.03125,1,1872,0,1.09375,0, 0.0625, 0.28125
444.namd,444.namd_490,2,10,0,0.2,0.5,1.5,0.1,0.1,1,32992,0,1.1,0, 0, 0.4
444.namd,444.namd_491,2,10,0,0.2,0.5,1.5,0.1,0.1,1,32992,0,1.1,0, 0, 0.4
444.namd,444.namd_492,2,9,0,0.111111,0.666667,1.44444,0.111111,0,1,32992,0,1.22222,0, 0.222222, 0.333333
444.namd,444.namd_493,2,73,0.123288,0.0273973,0.780822,1.58904,0.0547945,0.0136986,1,32848,0,1.35616,0, 0.191781, 0.438356
444.namd,444.namd_494,2,55,0,0.0727273,0.654545,1.54545,0.145455,0.0181818,1,32848,0,1.14545,0, 0.127273, 0.345455
444.namd,444.namd_495,2,96,0.104167,0.0833333,0.71875,1.625,0.0416667,0.0416667,1,91996,0,1.3125,0, 0.177083, 0.416667
444.namd,444.namd_496,2,113,0.0884956,0.0884956,0.681416,1.61947,0.079646,0.0353982,1,0,0,1.26549,0, 0.141593, 0.39823
444.namd,444.namd_497,2,17,0,0.176471,0.647059,1.52941,0,0.0588235,1,92080,0,1.11765,0, 0.176471, 0.411765
444.namd,444.namd_498,2,23,0,0.130435,0.652174,1.47826,0.0869565,0.0434783,1,92080,0,1.17391,0, 0.130435, 0.391304
444.namd,444.namd_499,2,43,0,0.116279,0.744186,1.5814,0.116279,0,1,92080,0,1.18605,0, 0.209302, 0.372093
444.namd,444.namd_500,2,325,0.184615,0.00307692,0.735385,1.54769,0.0523077,0,1,92080,0,1.36923,0, 0.169231, 0.452308
444.namd,444.namd_501,2,365,0.186301,0.00273973,0.736986,1.54521,0.0493151,0,1,92080,0,1.36712,0, 0.164384, 0.452055
444.namd,444.namd_502,2,250,0.184,0.004,0.744,1.548,0.052,0,1,92080,0,1.372,0, 0.18, 0.452
444.namd,444.namd_503,1,443,0.00677201,0.0902935,0.593679,1.58916,0.148984,0.00677201,1,144,0,1.17381,0, 0.14447, 0.336343
444.namd,444.namd_504,1,28,0,0.107143,0.607143,1.53571,0.178571,0.0357143,1,0,0,1.14286,0, 0.142857, 0.321429
444.namd,444.namd_505,1,32,0,0.125,0.5,1.625,0.21875,0.03125,1,144,0,1.09375,0, 0.0625, 0.28125
444.namd,444.namd_506,2,10,0,0.2,0.5,1.5,0.1,0.1,1,32992,0,1.1,0, 0, 0.4
444.namd,444.namd_507,2,10,0,0.2,0.5,1.5,0.1,0.1,1,32992,0,1.1,0, 0, 0.4
444.namd,444.namd_508,2,9,0,0.111111,0.666667,1.44444,0.111111,0,1,32992,0,1.22222,0, 0.222222, 0.333333
444.namd,444.namd_509,2,73,0.123288,0.0273973,0.780822,1.58904,0.0547945,0.0136986,1,32848,0,1.35616,0, 0.191781, 0.438356
444.namd,444.namd_510,2,55,0,0.0727273,0.654545,1.54545,0.145455,0.0181818,1,32848,0,1.14545,0, 0.127273, 0.345455
444.namd,444.namd_511,2,96,0.104167,0.0833333,0.71875,1.625,0.0416667,0.0416667,1,91996,0,1.3125,0, 0.177083, 0.416667
444.namd,444.namd_512,2,113,0.0884956,0.0884956,0.681416,1.61947,0.079646,0.0353982,1,0,0,1.26549,0, 0.141593, 0.39823
444.namd,444.namd_513,2,17,0,0.176471,0.647059,1.52941,0,0.0588235,1,92080,0,1.11765,0, 0.176471, 0.411765
444.namd,444.namd_514,2,23,0,0.130435,0.652174,1.47826,0.0869565,0.0434783,1,92080,0,1.17391,0, 0.130435, 0.391304
444.namd,444.namd_515,2,43,0,0.116279,0.744186,1.5814,0.116279,0,1,92080,0,1.18605,0, 0.209302, 0.372093
444.namd,444.namd_516,2,361,0.204986,0.00277008,0.722992,1.54294,0.0470914,0,1,92080,0,1.38227,0, 0.163435, 0.457064
444.namd,444.namd_517,2,401,0.204489,0.00249377,0.725686,1.54115,0.0448878,0,1,92080,0,1.37905,0, 0.159601, 0.456359
444.namd,444.namd_518,2,268,0.197761,0.00373134,0.735075,1.54478,0.0485075,0,1,92080,0,1.3806,0, 0.175373, 0.455224
444.namd,444.namd_519,1,443,0.00677201,0.0902935,0.593679,1.58916,0.148984,0.00677201,1,144,0,1.17381,0, 0.14447, 0.336343
444.namd,444.namd_520,1,28,0,0.107143,0.607143,1.53571,0.178571,0.0357143,1,0,0,1.14286,0, 0.142857, 0.321429
444.namd,444.namd_521,1,32,0,0.125,0.5,1.625,0.21875,0.03125,1,144,0,1.09375,0, 0.0625, 0.28125
444.namd,444.namd_522,2,73,0.123288,0.0273973,0.780822,1.58904,0.0547945,0.0136986,1,0,0,1.35616,0, 0.191781, 0.438356
444.namd,444.namd_523,2,55,0,0.0727273,0.654545,1.54545,0.145455,0.0181818,1,0,0,1.14545,0, 0.127273, 0.345455
444.namd,444.namd_524,2,96,0.104167,0.0833333,0.71875,1.625,0.0416667,0.0416667,1,0,0,1.3125,0, 0.177083, 0.416667
444.namd,444.namd_525,2,113,0.0884956,0.0884956,0.681416,1.61947,0.079646,0.0353982,1,0,0,1.26549,0, 0.141593, 0.39823
444.namd,444.namd_526,2,43,0,0.116279,0.744186,1.5814,0.116279,0,1,0,0,1.18605,0, 0.209302, 0.372093
444.namd,444.namd_527,2,220,0.190909,0.00454545,0.736364,1.55455,0.0545455,0,1,0,0,1.37727,0, 0.181818, 0.45
444.namd,444.namd_528,2,258,0.193798,0.00387597,0.736434,1.54651,0.0503876,0,1,0,0,1.37597,0, 0.174419, 0.453488
444.namd,444.namd_529,2,250,0.184,0.004,0.744,1.548,0.052,0,1,0,0,1.372,0, 0.18, 0.452
444.namd,444.namd_530,1,419,0.0071599,0.0859189,0.599045,1.59427,0.157518,0.0071599,1,0,0,1.17184,0, 0.145585, 0.334129
444.namd,444.namd_531,1,20,0,0.25,0.4,1.65,0.15,0.1,1,0,0,0.95,0, 0.05, 0.25
444.namd,444.namd_532,1,28,0,0.107143,0.607143,1.53571,0.178571,0.0357143,1,0,0,1.14286,0, 0.142857, 0.321429
444.namd,444.namd_533,1,32,0,0.125,0.5,1.625,0.21875,0.03125,1,0,0,1.09375,0, 0.0625, 0.28125
444.namd,444.namd_534,2,73,0.123288,0.0273973,0.780822,1.58904,0.0547945,0.0136986,1,0,0,1.35616,0, 0.191781, 0.438356
444.namd,444.namd_535,2,55,0,0.0727273,0.654545,1.54545,0.145455,0.0181818,1,0,0,1.14545,0, 0.127273, 0.345455
444.namd,444.namd_536,2,96,0.104167,0.0833333,0.71875,1.625,0.0416667,0.0416667,1,0,0,1.3125,0, 0.177083, 0.416667
444.namd,444.namd_537,2,113,0.0884956,0.0884956,0.681416,1.61947,0.079646,0.0353982,1,0,0,1.26549,0, 0.141593, 0.39823
444.namd,444.namd_538,2,43,0,0.116279,0.744186,1.5814,0.116279,0,1,0,0,1.18605,0, 0.209302, 0.372093
444.namd,444.namd_539,2,238,0.205882,0.00420168,0.726891,1.55042,0.0504202,0,1,0,0,1.38655,0, 0.176471, 0.453782
444.namd,444.namd_540,2,276,0.206522,0.00362319,0.728261,1.54348,0.0471014,0,1,0,0,1.38406,0, 0.17029, 0.456522
444.namd,444.namd_541,2,268,0.197761,0.00373134,0.735075,1.54478,0.0485075,0,1,0,0,1.3806,0, 0.175373, 0.455224
444.namd,444.namd_542,1,419,0.0071599,0.0859189,0.599045,1.59427,0.157518,0.0071599,1,0,0,1.17184,0, 0.145585, 0.334129
444.namd,444.namd_543,1,20,0,0.25,0.4,1.65,0.15,0.1,1,0,0,0.95,0, 0.05, 0.25
444.namd,444.namd_544,1,28,0,0.107143,0.607143,1.53571,0.178571,0.0357143,1,0,0,1.14286,0, 0.142857, 0.321429
444.namd,444.namd_545,1,32,0,0.125,0.5,1.625,0.21875,0.03125,1,0,0,1.09375,0, 0.0625, 0.28125
444.namd,444.namd_546,2,10,0,0.2,0.5,1.5,0.1,0.1,1,0,0,1.1,0, 0, 0.4
444.namd,444.namd_547,2,10,0,0.2,0.5,1.5,0.1,0.1,1,0,0,1.1,0, 0, 0.4
444.namd,444.namd_548,2,9,0,0.111111,0.666667,1.44444,0.111111,0,1,0,0,1.22222,0, 0.222222, 0.333333
444.namd,444.namd_549,2,73,0.123288,0.0273973,0.780822,1.58904,0.0547945,0.0136986,1,0,0,1.35616,0, 0.191781, 0.438356
444.namd,444.namd_550,2,55,0,0.0727273,0.654545,1.54545,0.145455,0.0181818,1,0,0,1.14545,0, 0.127273, 0.345455
444.namd,444.namd_551,2,96,0.104167,0.0833333,0.71875,1.625,0.0416667,0.0416667,1,0,0,1.3125,0, 0.177083, 0.416667
444.namd,444.namd_552,2,113,0.0884956,0.0884956,0.681416,1.61947,0.079646,0.0353982,1,0,0,1.26549,0, 0.141593, 0.39823
444.namd,444.namd_553,2,17,0,0.176471,0.647059,1.52941,0,0.0588235,1,0,0,1.11765,0, 0.176471, 0.411765
444.namd,444.namd_554,2,23,0,0.130435,0.652174,1.47826,0.0869565,0.0434783,1,0,0,1.17391,0, 0.130435, 0.391304
444.namd,444.namd_555,2,43,0,0.116279,0.744186,1.5814,0.116279,0,1,0,0,1.18605,0, 0.209302, 0.372093
444.namd,444.namd_556,2,220,0.190909,0.00454545,0.736364,1.55455,0.0545455,0,1,0,0,1.37727,0, 0.181818, 0.45
444.namd,444.namd_557,2,258,0.193798,0.00387597,0.736434,1.54651,0.0503876,0,1,0,0,1.37597,0, 0.174419, 0.453488
444.namd,444.namd_558,2,250,0.184,0.004,0.744,1.548,0.052,0,1,0,0,1.372,0, 0.18, 0.452
444.namd,444.namd_559,1,443,0.00677201,0.0902935,0.593679,1.58916,0.148984,0.00677201,1,0,0,1.17381,0, 0.14447, 0.336343
444.namd,444.namd_560,1,28,0,0.107143,0.607143,1.53571,0.178571,0.0357143,1,0,0,1.14286,0, 0.142857, 0.321429
444.namd,444.namd_561,1,32,0,0.125,0.5,1.625,0.21875,0.03125,1,0,0,1.09375,0, 0.0625, 0.28125
444.namd,444.namd_562,2,10,0,0.2,0.5,1.5,0.1,0.1,1,0,0,1.1,0, 0, 0.4
444.namd,444.namd_563,2,10,0,0.2,0.5,1.5,0.1,0.1,1,0,0,1.1,0, 0, 0.4
444.namd,444.namd_564,2,9,0,0.111111,0.666667,1.44444,0.111111,0,1,0,0,1.22222,0, 0.222222, 0.333333
444.namd,444.namd_565,2,73,0.123288,0.0273973,0.780822,1.58904,0.0547945,0.0136986,1,0,0,1.35616,0, 0.191781, 0.438356
444.namd,444.namd_566,2,55,0,0.0727273,0.654545,1.54545,0.145455,0.0181818,1,0,0,1.14545,0, 0.127273, 0.345455
444.namd,444.namd_567,2,96,0.104167,0.0833333,0.71875,1.625,0.0416667,0.0416667,1,0,0,1.3125,0, 0.177083, 0.416667
444.namd,444.namd_568,2,113,0.0884956,0.0884956,0.681416,1.61947,0.079646,0.0353982,1,0,0,1.26549,0, 0.141593, 0.39823
444.namd,444.namd_569,2,17,0,0.176471,0.647059,1.52941,0,0.0588235,1,0,0,1.11765,0, 0.176471, 0.411765
444.namd,444.namd_570,2,23,0,0.130435,0.652174,1.47826,0.0869565,0.0434783,1,0,0,1.17391,0, 0.130435, 0.391304
444.namd,444.namd_571,2,43,0,0.116279,0.744186,1.5814,0.116279,0,1,0,0,1.18605,0, 0.209302, 0.372093
444.namd,444.namd_572,2,238,0.205882,0.00420168,0.726891,1.55042,0.0504202,0,1,0,0,1.38655,0, 0.176471, 0.453782
444.namd,444.namd_573,2,276,0.206522,0.00362319,0.728261,1.54348,0.0471014,0,1,0,0,1.38406,0, 0.17029, 0.456522
444.namd,444.namd_574,2,268,0.197761,0.00373134,0.735075,1.54478,0.0485075,0,1,0,0,1.3806,0, 0.175373, 0.455224
444.namd,444.namd_575,1,443,0.00677201,0.0902935,0.593679,1.58916,0.148984,0.00677201,1,0,0,1.17381,0, 0.14447, 0.336343
444.namd,444.namd_576,1,28,0,0.107143,0.607143,1.53571,0.178571,0.0357143,1,0,0,1.14286,0, 0.142857, 0.321429
444.namd,444.namd_577,1,32,0,0.125,0.5,1.625,0.21875,0.03125,1,0,0,1.09375,0, 0.0625, 0.28125
444.namd,444.namd_578,2,59,0,0.0338983,0.694915,1.89831,0.101695,0.0169492,1,83,0,1.28814,0, 0.101695, 0.355932
444.namd,444.namd_579,1,4,0,0.5,0.5,1.25,0,0,1,1,0,0.75,0, 0.25, 0.25
444.namd,444.namd_580,1,0,0,0,0,0,0,0,1,1,0,0,0, 0, 0
444.namd,444.namd_581,2,13,0,0.153846,0.538462,1.69231,0.153846,0.0769231,1,27850,0,1.15385,0, 0.153846, 0.307692
444.namd,444.namd_582,1,71,0,0.0985915,0.690141,1.92958,0.0704225,0.028169,1,1,0,1.21127,0, 0.15493, 0.295775
444.namd,444.namd_583,1,0,0,0,0,0,0,0,1,0,0,0,0, 0, 0
444.namd,444.namd_584,1,0,0,0,0,0,0,0,1,544,0,0,0, 0, 0
444.namd,444.namd_585,1,0,0,0,0,0,0,0,1,27850,0,0,0, 0, 0
444.namd,444.namd_586,1,4,0,0.25,0.25,1,0.5,0,1,0,0,0.75,0, 0, 0.25
444.namd,444.namd_587,1,11,0,0.363636,0.272727,2.18182,0,0.181818,1,1,0,1,0, 0, 0.181818
444.namd,444.namd_588,1,7,0,0.142857,0.714286,1.42857,0.142857,0,1,1,0,1,0, 0, 0.428571
444.namd,444.namd_589,1,7,0,0.142857,0.714286,1.42857,0.142857,0,1,0,0,1,0, 0, 0.428571
444.namd,444.namd_590,1,8,0,0.125,0.5,1.375,0.375,0,1,0,0,1,0, 0, 0.25
444.namd,444.namd_591,1,6,0,0.166667,0.666667,1.83333,0.166667,0,28,144,0,1,0, 0.166667, 0.166667
444.namd,444.namd_592,1,7,0,0.142857,0.571429,2,0.142857,0,28,144,0,1.28571,0, 0, 0.285714
444.namd,444.namd_593,1,60,0.15,0.0166667,0.65,1.8,0.0666667,0,1,144,0,1.18333,0, 0.1, 0.316667
444.namd,444.namd_594,1,15,0,0.0666667,0.666667,1.8,0.133333,0,1,864,0,1.2,0, 0.133333, 0.266667
444.namd,444.namd_595,1,41,0,0.0243902,0.585366,1.73171,0.292683,0,1,864,0,1.17073,0, 0, 0.292683
444.namd,444.namd_596,1,16,0,0.0625,0.625,1.5625,0.1875,0,1,167,0,1.25,0, 0, 0.375
444.namd,444.namd_597,1,0,0,0,0,0,0,0,1,167,0,0,0, 0, 0
444.namd,444.namd_598,1,115,0,0.0173913,0.686957,1.87826,0.121739,0.00869565,1,144,0,1.27826,0, 0.217391, 0.295652
444.namd,444.namd_599,1,0,0,0,0,0,0,0,1,144,0,0,0, 0, 0
444.namd,444.namd_600,1,0,0,0,0,0,0,0,1,144,0,0,0, 0, 0
444.namd,444.namd_601,1,0,0,0,0,0,0,0,1,144,0,0,0, 0, 0
444.namd,444.namd_602,1,0,0,0,0,0,0,0,1,144,0,0,0, 0, 0
444.namd,444.namd_603,1,0,0,0,0,0,0,0,1,1,0,0,0, 0, 0
444.namd,444.namd_604,1,0,0,0,0,0,0,0,1,1,0,0,0, 0, 0
444.namd,444.namd_605,1,7,0,0.142857,0.571429,1.57143,0.142857,0,1,1,0,1,0, 0, 0.285714
444.namd,444.namd_606,1,7,0,0.142857,0.714286,1.57143,0.142857,0,33,6,0,1,0, 0.142857, 0.285714
444.namd,444.namd_607,1,7,0,0.142857,0.571429,1.57143,0.142857,0,1,6,0,1,0, 0, 0.285714
444.namd,444.namd_608,1,65,0.0461538,0.0153846,0.738462,1.73846,0.0923077,0,1,6,0,1.24615,0, 0.0461538, 0.415385
444.namd,444.namd_609,1,13,0,0.0769231,0.769231,1.61538,0.153846,0,22,6,0,1.15385,0, 0.0769231, 0.384615
444.namd,444.namd_610,1,13,0,0.0769231,0.769231,1.76923,0.0769231,0,1,6,0,1.15385,0, 0, 0.461538
444.namd,444.namd_611,1,10,0,0.2,0.5,1.8,0.1,0.1,1,1,0,1.1,0, 0, 0.3
444.namd,444.namd_612,1,0,0,0,0,0,0,0,1,1,0,0,0, 0, 0
444.namd,444.namd_613,1,0,0,0,0,0,0,0,1,1,0,0,0, 0, 0
444.namd,444.namd_614,1,20,0,0.05,0.65,1.95,0.15,0,8,6,0,1.25,0, 0, 0.35
444.namd,444.namd_615,1,20,0,0.05,0.75,2.1,0.15,0,8,0,0,1.25,0, 0, 0.2
444.namd,444.namd_616,1,12,0,0.0833333,0.666667,1.33333,0.166667,0,10,12,0,1.16667,0, 0, 0.5
444.namd,444.namd_617,1,24,0.0833333,0.0416667,0.666667,1.33333,0.166667,0,10,7,0,1.25,0, 0, 0.5
444.namd,444.namd_618,1,27,0,0.259259,0.37037,2.2963,0,0.037037,1,1,0,1.07407,0, 0.0740741, 0.185185
444.namd,444.namd_619,1,27,0,0.296296,0.407407,1.59259,0.111111,0.0740741,1,4,0,0.888889,0, 0.111111, 0.296296
444.namd,444.namd_620,1,221,0.0271493,0.140271,0.461538,2.83258,0.0271493,0.00904977,1,1,0,1.1991,0, 0.081448, 0.217195
444.namd,444.namd_621,1,90,0,0.177778,0.511111,1.57778,0.1,0.0333333,1,1,0,1.02222,0, 0.0333333, 0.355556
444.namd,444.namd_622,1,0,0,0,0,0,0,0,1,7,0,0,0, 0, 0
444.namd,444.namd_623,1,0,0,0,0,0,0,0,1,7,0,0,0, 0, 0
