benchmark, unique_loop_id, loop_nest_level, dynOp_count, floatOp_count, branchOp_count, memOp_count, operands_count, implicit_instr_count, unique_pred_count, trip_count, loop_calls, reuse_count, use_count, def_count, store_count, load_count
450.soplex,450.soplex_1,1,67,0,0.0447761,0.626866,1.65672,0.19403,0.0149254,1,0,0,1.22388,0, 0.0597015, 0.373134
450.soplex,450.soplex_2,1,53,0,0.0566038,0.622642,1.64151,0.188679,0.0188679,1,0,0,1.20755,0, 0.0566038, 0.377358
450.soplex,450.soplex_3,1,67,0,0.0447761,0.626866,1.65672,0.19403,0.0149254,1,0,0,1.22388,0, 0.0597015, 0.373134
450.soplex,450.soplex_4,1,53,0,0.0566038,0.622642,1.64151,0.188679,0.0188679,1,0,0,1.20755,0, 0.0566038, 0.377358
450.soplex,450.soplex_5,1,19,0,0.0526316,0.421053,1.73684,0.263158,0,1,0,0,1.31579,0, 0, 0.315789
450.soplex,450.soplex_6,1,19,0,0.0526316,0.421053,1.73684,0.263158,0,1,0,0,1.31579,0, 0, 0.315789
450.soplex,450.soplex_7,1,37,0,0.027027,0.432432,1.75676,0.27027,0,1,0,0,1.35135,0, 0, 0.324324
450.soplex,450.soplex_8,1,19,0,0.0526316,0.421053,1.73684,0.263158,0,1,0,0,1.31579,0, 0, 0.315789
450.soplex,450.soplex_9,1,19,0,0.0526316,0.421053,1.73684,0.263158,0,1,0,0,1.31579,0, 0, 0.315789
450.soplex,450.soplex_10,1,37,0,0.027027,0.432432,1.75676,0.27027,0,1,0,0,1.35135,0, 0, 0.324324
450.soplex,450.soplex_11,1,14,0.0714286,0.142857,0.428571,2.21429,0.0714286,0.0714286,1,0,0,1.28571,0, 0.0714286, 0.357143
450.soplex,450.soplex_12,1,11,0.0909091,0.181818,0.363636,2.18182,0.0909091,0.0909091,1,0,0,1.18182,0, 0.0909091, 0.272727
450.soplex,450.soplex_13,1,14,0.0714286,0.142857,0.428571,2.21429,0.0714286,0.0714286,1,0,0,1.28571,0, 0.0714286, 0.357143
450.soplex,450.soplex_14,1,12,0.0833333,0.166667,0.416667,2.08333,0.0833333,0.0833333,1,0,0,1.25,0, 0.0833333, 0.333333
450.soplex,450.soplex_15,1,7,0,0.142857,0.714286,1.57143,0.142857,0,1,3345,0,1,0, 0.142857, 0.285714
450.soplex,450.soplex_16,2,12,0,0.25,0.25,1.75,0.25,0.0833333,1,0,0,1,0, 0, 0.25
450.soplex,450.soplex_17,1,20,0,0.25,0.4,1.55,0.1,0.05,1,0,0,1,0, 0.1, 0.3
450.soplex,450.soplex_18,1,12,0,0.25,0.25,1.75,0.25,0.0833333,1,0,0,1,0, 0, 0.25
450.soplex,450.soplex_19,1,24,0,0.166667,0.5,1.875,0.0833333,0.0416667,1,1,0,1.20833,0, 0.125, 0.291667
450.soplex,450.soplex_20,1,0,0,0,0,0,0,0,1,5032,0,0,0, 0, 0
450.soplex,450.soplex_21,1,24,0,0.166667,0.5,1.875,0.0833333,0.0416667,1,21,0,1.20833,0, 0.125, 0.291667
450.soplex,450.soplex_22,1,28,0,0.142857,0.535714,1.85714,0.0714286,0.0357143,1,172,0,1.25,0, 0.142857, 0.321429
450.soplex,450.soplex_23,1,28,0,0.142857,0.535714,1.85714,0.0714286,0.0357143,1,172,0,1.25,0, 0.142857, 0.321429
450.soplex,450.soplex_24,1,26,0.0769231,0.0384615,0.769231,1.61538,0.115385,0,1,351,0,1.19231,0, 0.0384615, 0.423077
450.soplex,450.soplex_25,1,22,0.0909091,0.0454545,0.681818,1.45455,0.136364,0,1,1296,0,1.27273,0, 0.0454545, 0.454545
450.soplex,450.soplex_26,1,19,0.105263,0.0526316,0.684211,1.47368,0.157895,0,1,0,0,1.21053,0, 0.0526316, 0.421053
450.soplex,450.soplex_27,1,38,0,0.105263,0.394737,2.84211,0.105263,0.0263158,1,0,0,1.26316,0, 0.0526316, 0.236842
450.soplex,450.soplex_28,1,137,0,0.138686,0.635036,1.74453,0.116788,0.00729927,1,1,0,1.06569,0, 0.116788, 0.321168
450.soplex,450.soplex_29,1,29,0,0.0344828,0.827586,1.82759,0.137931,0,1,51,0,1.10345,0, 0.137931, 0.275862
450.soplex,450.soplex_30,2,21,0,0.047619,0.761905,1.28571,0.190476,0,1,0,0,1.2381,0, 0.0952381, 0.47619
450.soplex,450.soplex_31,1,5,0,0.2,0.8,1.6,0,0,1,0,0,1,0, 0.2, 0.4
450.soplex,450.soplex_32,1,31,0,0.0645161,0.741935,1.41935,0.129032,0.0322581,1,0,0,1.25806,0, 0.0967742, 0.483871
450.soplex,450.soplex_33,1,21,0,0.047619,0.761905,1.28571,0.190476,0,1,586,0,1.2381,0, 0.0952381, 0.47619
450.soplex,450.soplex_34,2,13,0,0.0769231,0.692308,1.38462,0.153846,0,1,0,0,1.23077,0, 0.153846, 0.384615
450.soplex,450.soplex_35,1,5,0,0.2,0.8,1.6,0,0,1,0,0,1,0, 0.2, 0.4
450.soplex,450.soplex_36,1,31,0,0.0645161,0.741935,1.41935,0.129032,0.0322581,1,0,0,1.25806,0, 0.0967742, 0.483871
450.soplex,450.soplex_37,1,13,0,0.0769231,0.692308,1.38462,0.153846,0,1,290,0,1.23077,0, 0.153846, 0.384615
450.soplex,450.soplex_38,2,79,0.0126582,0.0632911,0.746835,1.83544,0.0632911,0.0126582,1,12605,0,1.21519,0, 0.126582, 0.341772
450.soplex,450.soplex_39,2,1,0,1,0,1,0,0,1,12742,0,0,0, 0, 0
450.soplex,450.soplex_40,1,133,0.0075188,0.0977444,0.721805,1.81955,0.0676692,0.0300752,1,51,0,1.16541,0, 0.135338, 0.330827
450.soplex,450.soplex_41,1,55,0,0.0181818,0.927273,1.74545,0.0363636,0,1,51,0,1.25455,0, 0.218182, 0.418182
450.soplex,450.soplex_42,2,14,0,0.0714286,0.714286,1.78571,0.0714286,0,1,12605,0,1.14286,0, 0.0714286, 0.357143
450.soplex,450.soplex_43,1,24,0,0.25,0.541667,1.54167,0.0416667,0.0833333,1,51,0,1.04167,0, 0.166667, 0.333333
450.soplex,450.soplex_44,1,17,0,0.0588235,0.823529,1.94118,0.117647,0,1,51,0,1.05882,0, 0.117647, 0.235294
450.soplex,450.soplex_45,3,1,0,1,0,1,0,0,1,29462,0,0,0, 0, 0
450.soplex,450.soplex_46,3,1,0,1,0,1,0,0,1,7651,0,0,0, 0, 0
450.soplex,450.soplex_47,2,192,0,0.0416667,0.791667,1.85417,0.104167,0.0104167,1,20393,0,1.20312,0, 0.0833333, 0.328125
450.soplex,450.soplex_48,1,41,0,0.097561,0.780488,1.82927,0.097561,0.0243902,1,51,0,1.12195,0, 0.121951, 0.292683
450.soplex,450.soplex_49,3,1,0,1,0,1,0,0,1,9402,0,0,0, 0, 0
450.soplex,450.soplex_50,2,115,0.00869565,0.0695652,0.765217,1.7913,0.0956522,0.0173913,1,3852,0,1.18261,0, 0.104348, 0.330435
450.soplex,450.soplex_51,1,97,0,0.0206186,0.835052,1.85567,0.103093,0,1,51,0,1.25773,0, 0.113402, 0.350515
450.soplex,450.soplex_52,1,29,0,0.137931,0.655172,1.75862,0.103448,0.0689655,1,51,0,1.10345,0, 0.0689655, 0.310345
450.soplex,450.soplex_53,1,166,0,0.0301205,0.837349,1.85542,0.120482,0.0060241,1,40,0,1.1747,0, 0.0843373, 0.325301
450.soplex,450.soplex_54,1,45,0,0.0222222,0.844444,1.93333,0.133333,0,1,40,0,1.2,0, 0.0888889, 0.266667
450.soplex,450.soplex_55,3,1,0,1,0,1,0,0,1,383,0,0,0, 0, 0
450.soplex,450.soplex_56,2,189,0.00529101,0.010582,0.851852,1.88889,0.116402,0,1,260,0,1.19577,0, 0.0846561, 0.31746
450.soplex,450.soplex_57,3,1,0,1,0,1,0,0,1,193,0,0,0, 0, 0
450.soplex,450.soplex_58,2,195,0.00512821,0.0102564,0.851282,1.87179,0.117949,0,1,260,0,1.2,0, 0.0871795, 0.323077
450.soplex,450.soplex_59,1,155,0,0.0387097,0.819355,1.89032,0.0903226,0.00645161,1,99,0,1.20645,0, 0.103226, 0.329032
450.soplex,450.soplex_60,3,1,0,1,0,1,0,0,1,2,0,0,0, 0, 0
450.soplex,450.soplex_61,2,161,0,0.0124224,0.850932,1.89441,0.118012,0,1,2,0,1.19255,0, 0.0745342, 0.31677
450.soplex,450.soplex_62,3,1,0,1,0,1,0,0,1,0,0,0,0, 0, 0
450.soplex,450.soplex_63,2,170,0,0.0117647,0.852941,1.89412,0.117647,0,1,2,0,1.19412,0, 0.0764706, 0.317647
450.soplex,450.soplex_64,1,154,0,0.0194805,0.837662,1.90909,0.0974026,0,1,2,0,1.20779,0, 0.0909091, 0.324675
450.soplex,450.soplex_65,3,35,0.0285714,0.114286,0.685714,1.85714,0.0857143,0.0571429,1,74,0,1.11429,0, 0.0285714, 0.314286
450.soplex,450.soplex_66,3,24,0.0416667,0.125,0.666667,1.83333,0.0833333,0.0416667,1,74,0,1.08333,0, 0.0416667, 0.291667
450.soplex,450.soplex_67,3,12,0,0.166667,0.666667,1.83333,0.0833333,0.0833333,1,7,0,1.08333,0, 0, 0.333333
450.soplex,450.soplex_68,2,154,0.0194805,0.0909091,0.746753,1.75974,0.0779221,0.0194805,1,68,0,1.16883,0, 0.116883, 0.337662
450.soplex,450.soplex_69,2,24,0.0416667,0.125,0.666667,1.83333,0.0833333,0.0416667,1,751,0,1.08333,0, 0.0416667, 0.291667
450.soplex,450.soplex_70,2,51,0.0588235,0.117647,0.72549,1.7451,0.0588235,0.0588235,1,753,0,1.21569,0, 0.117647, 0.392157
450.soplex,450.soplex_71,2,13,0,0.230769,0.615385,1.76923,0,0.153846,1,817,0,1.07692,0, 0, 0.461538
450.soplex,450.soplex_72,1,352,0.00568182,0.0568182,0.792614,1.85227,0.0880682,0.00852273,1,230,0,1.16477,0, 0.09375, 0.321023
450.soplex,450.soplex_73,1,140,0.0142857,0.0571429,0.757143,1.85,0.1,0.0142857,1,1119,0,1.17143,0, 0.0714286, 0.321429
450.soplex,450.soplex_74,2,1,0,1,0,1,0,0,1,76,0,0,0, 0, 0
450.soplex,450.soplex_75,1,147,0.0136054,0.0408163,0.789116,1.84354,0.102041,0.00680272,1,1119,0,1.19048,0, 0.0952381, 0.319728
450.soplex,450.soplex_76,1,1,0,1,0,1,0,0,1,1119,0,0,0, 0, 0
450.soplex,450.soplex_77,1,101,0,0.00990099,0.851485,1.88119,0.138614,0,1,729,0,1.17822,0, 0.0693069, 0.306931
450.soplex,450.soplex_78,1,26,0,0.0384615,0.769231,1.92308,0.0769231,0,1,729,0,1.34615,0, 0.0384615, 0.423077
450.soplex,450.soplex_79,1,10,0,0.1,0.7,1.9,0,0,1,729,0,1.6,0, 0.1, 0.6
450.soplex,450.soplex_80,2,1,0,1,0,1,0,0,1,814,0,0,0, 0, 0
450.soplex,450.soplex_81,1,130,0,0.0153846,0.846154,1.86154,0.115385,0,1,729,0,1.18462,0, 0.0769231, 0.330769
450.soplex,450.soplex_82,2,9,0,0.111111,0.777778,1.88889,0,0,1,230,0,1.22222,0, 0, 0.555556
450.soplex,450.soplex_83,1,68,0,0.132353,0.764706,2.25,0,0.0147059,1,40,0,1.04412,0, 0.0441176, 0.205882
450.soplex,450.soplex_84,2,63,0.015873,0.031746,0.809524,1.80952,0.0793651,0.015873,1,25347,0,1.1746,0, 0.0793651, 0.380952
450.soplex,450.soplex_85,1,40,0,0.05,0.825,1.85,0.1,0,1,51,0,1.2,0, 0.125, 0.3
450.soplex,450.soplex_86,1,9,0,0.111111,0.777778,1.88889,0.111111,0,1,51,0,1,0, 0.111111, 0.222222
450.soplex,450.soplex_87,2,27,0,0.037037,0.814815,1.44444,0.111111,0,1,4841,0,1.2963,0, 0.222222, 0.407407
450.soplex,450.soplex_88,1,8,0,0.25,0.625,1.25,0.125,0,1,51,0,1,0, 0.125, 0.375
450.soplex,450.soplex_89,1,11,0,0.0909091,0.818182,1.36364,0,0,1,51,0,1.27273,0, 0.272727, 0.545455
450.soplex,450.soplex_90,1,0,0,0,0,0,0,0,1,51,0,0,0, 0, 0
450.soplex,450.soplex_91,1,17,0,0.0588235,0.941176,1.58824,0,0,1,51,0,1.29412,0, 0.352941, 0.352941
450.soplex,450.soplex_92,2,23,0,0.0869565,0.73913,1.78261,0.130435,0.0434783,1,0,0,1.13043,0, 0, 0.347826
450.soplex,450.soplex_93,2,31,0,0.0322581,0.612903,1.96774,0.0967742,0,1,0,0,1.16129,0, 0, 0.322581
450.soplex,450.soplex_94,1,18,0,0.222222,0.5,1.83333,0.0555556,0,1,0,0,0.888889,0, 0.111111, 0.222222
450.soplex,450.soplex_95,2,43,0,0.0232558,0.674419,2.02326,0.0930233,0,1,0,0,1.16279,0, 0, 0.302326
450.soplex,450.soplex_96,1,40,0,0.1,0.6,1.9,0.1,0.025,1,0,0,1.075,0, 0.025, 0.3
450.soplex,450.soplex_97,2,1,0,1,0,1,0,0,1,0,0,0,0, 0, 0
450.soplex,450.soplex_98,2,1,0,1,0,1,0,0,1,0,0,0,0, 0, 0
450.soplex,450.soplex_99,1,21,0,0.142857,0.761905,1.7619,0.0952381,0,1,0,0,1.04762,0, 0.0952381, 0.285714
450.soplex,450.soplex_100,3,12,0,0.166667,0.666667,1.83333,0.0833333,0.0833333,1,0,0,1.08333,0, 0, 0.333333
450.soplex,450.soplex_101,2,31,0,0.0967742,0.741935,1.80645,0.0967742,0,1,0,0,1.09677,0, 0.0645161, 0.290323
450.soplex,450.soplex_102,1,21,0,0.0952381,0.714286,1.80952,0.0952381,0,1,0,0,1.09524,0, 0.047619, 0.285714
450.soplex,450.soplex_103,3,12,0,0.166667,0.666667,1.83333,0.0833333,0.0833333,1,0,0,1.08333,0, 0, 0.333333
450.soplex,450.soplex_104,2,42,0,0.142857,0.690476,1.78571,0.0952381,0.0238095,1,0,0,1.04762,0, 0.047619, 0.285714
450.soplex,450.soplex_105,1,21,0,0.0952381,0.714286,1.80952,0.0952381,0,1,0,0,1.09524,0, 0.047619, 0.285714
450.soplex,450.soplex_106,1,1,0,1,0,1,0,0,1,0,0,0,0, 0, 0
450.soplex,450.soplex_107,1,4,0,0.25,0.5,1.5,0,0,1,0,0,1,0, 0.25, 0.25
450.soplex,450.soplex_108,1,13,0,0.230769,0.615385,2,0,0.0769231,1,0,0,1,0, 0.0769231, 0.230769
450.soplex,450.soplex_109,2,23,0,0.0434783,0.73913,1.34783,0.173913,0,1,0,0,1.26087,0, 0.130435, 0.434783
450.soplex,450.soplex_110,1,5,0,0.2,0.8,1.6,0,0,1,0,0,1,0, 0.2, 0.4
450.soplex,450.soplex_111,1,31,0,0.0645161,0.741935,1.41935,0.129032,0.0322581,1,0,0,1.25806,0, 0.0967742, 0.483871
450.soplex,450.soplex_112,1,23,0,0.0434783,0.73913,1.34783,0.173913,0,1,431,0,1.26087,0, 0.130435, 0.434783
450.soplex,450.soplex_113,1,111,0.00900901,0.045045,0.72973,1.4955,0.135135,0.018018,1,0,0,1.26126,0, 0.108108, 0.432432
450.soplex,450.soplex_114,2,46,0.130435,0.0652174,0.630435,1.43478,0.152174,0.0217391,1,0,0,1.26087,0, 0.0869565, 0.434783
450.soplex,450.soplex_115,1,76,0.0263158,0.0526316,0.723684,1.46053,0.118421,0.0263158,1,0,0,1.28947,0, 0.144737, 0.447368
450.soplex,450.soplex_116,2,1,0,1,0,1,0,0,1,0,0,0,0, 0, 0
450.soplex,450.soplex_117,1,61,0,0.0327869,0.754098,1.36066,0.163934,0,1,0,0,1.29508,0, 0.114754, 0.47541
450.soplex,450.soplex_118,1,111,0.018018,0.0630631,0.711712,1.51351,0.126126,0.027027,1,328,0,1.24324,0, 0.108108, 0.423423
450.soplex,450.soplex_119,1,15,0.0666667,0.0666667,0.6,1.33333,0.2,0.0666667,1,328,0,1.2,0, 0.0666667, 0.4
450.soplex,450.soplex_120,2,19,0.105263,0.0526316,0.684211,1.31579,0.157895,0,1,1166,0,1.26316,0, 0.0526316, 0.473684
450.soplex,450.soplex_121,1,78,0.0384615,0.0769231,0.705128,1.42308,0.128205,0.025641,1,328,0,1.23077,0, 0.128205, 0.435897
450.soplex,450.soplex_122,2,1,0,1,0,1,0,0,1,843,0,0,0, 0, 0
450.soplex,450.soplex_123,1,54,0,0.037037,0.759259,1.33333,0.166667,0,1,328,0,1.27778,0, 0.12963, 0.462963
450.soplex,450.soplex_124,1,11,0,0.0909091,0.727273,1.27273,0.181818,0,1,328,0,1.18182,0, 0.0909091, 0.454545
450.soplex,450.soplex_125,1,12,0,0.0833333,0.666667,1.33333,0.166667,0,1,328,0,1.16667,0, 0.0833333, 0.416667
450.soplex,450.soplex_126,1,11,0,0.0909091,0.727273,1.27273,0.181818,0,1,328,0,1.18182,0, 0.0909091, 0.454545
450.soplex,450.soplex_127,1,12,0,0.0833333,0.666667,1.33333,0.166667,0,1,328,0,1.16667,0, 0.0833333, 0.416667
450.soplex,450.soplex_128,1,1,0,1,0,1,0,0,1,92,0,0,0, 0, 0
450.soplex,450.soplex_129,1,118,0.0169492,0.0762712,0.70339,1.5339,0.110169,0.0254237,1,420,0,1.23729,0, 0.127119, 0.40678
450.soplex,450.soplex_130,1,167,0.011976,0.0658683,0.712575,1.55689,0.107784,0.0239521,1,0,0,1.25749,0, 0.113772, 0.419162
450.soplex,450.soplex_131,2,0,0,0,0,0,0,0,1,541,0,0,0, 0, 0
450.soplex,450.soplex_132,1,44,0,0.0454545,0.75,1.34091,0.159091,0,1,420,0,1.27273,0, 0.136364, 0.454545
450.soplex,450.soplex_133,1,25,0,0.08,0.68,1.44,0.12,0.04,1,0,0,1.24,0, 0.12, 0.44
450.soplex,450.soplex_134,1,47,0,0.170213,0.638298,1.44681,0.0851064,0.0425532,1,0,0,1.17021,0, 0.12766, 0.425532
450.soplex,450.soplex_135,1,18,0,0.166667,0.666667,1.55556,0.111111,0.0555556,1,0,0,1.11111,0, 0.0555556, 0.388889
450.soplex,450.soplex_136,1,10,0,0.2,0.6,1.6,0.1,0.1,1,0,0,1.1,0, 0, 0.4
450.soplex,450.soplex_137,1,14,0,0.0714286,0.642857,1.5,0.142857,0,1,0,0,1.21429,0, 0.0714286, 0.357143
450.soplex,450.soplex_138,1,0,0,0,0,0,0,0,1,0,0,0,0, 0, 0
450.soplex,450.soplex_139,1,16,0,0.0625,0.8125,1.6875,0.125,0,1,184,0,1.125,0, 0.0625, 0.375
450.soplex,450.soplex_140,2,7,0,0.285714,0.285714,2,0,0.142857,1,0,0,1.28571,0, 0, 0.285714
450.soplex,450.soplex_141,1,7,0,0.428571,0.285714,1.85714,0,0.142857,1,0,0,0.857143,0, 0.142857, 0.142857
450.soplex,450.soplex_142,1,45,0.0666667,0.0888889,0.533333,1.73333,0.133333,0.0222222,1,32,0,1.2,0, 0.0222222, 0.377778
450.soplex,450.soplex_143,1,49,0.0612245,0.0816327,0.55102,1.73469,0.122449,0.0204082,1,294,0,1.22449,0, 0.0408163, 0.387755
450.soplex,450.soplex_144,1,25,0,0.04,0.6,1.84,0.12,0,1,0,0,1.32,0, 0.12, 0.36
450.soplex,450.soplex_145,1,8,0,0.125,0.5,1.75,0.125,0,1,0,0,1.375,0, 0, 0.375
450.soplex,450.soplex_146,1,59,0,0.0677966,0.610169,1.64407,0.186441,0.0338983,1,0,0,1.22034,0, 0.0508475, 0.372881
450.soplex,450.soplex_147,1,59,0,0.0677966,0.610169,1.64407,0.186441,0.0338983,1,0,0,1.22034,0, 0.0508475, 0.372881
450.soplex,450.soplex_148,1,17,0,0.0588235,0.588235,1.82353,0.117647,0,1,0,0,1.29412,0, 0.117647, 0.352941
450.soplex,450.soplex_149,1,8,0,0.125,0.5,1.75,0.125,0,1,0,0,1.375,0, 0, 0.375
450.soplex,450.soplex_150,1,45,0,0.0888889,0.6,1.62222,0.177778,0.0444444,1,0,0,1.2,0, 0.0444444, 0.377778
450.soplex,450.soplex_151,1,45,0,0.0888889,0.6,1.62222,0.177778,0.0444444,1,0,0,1.2,0, 0.0444444, 0.377778
450.soplex,450.soplex_152,2,5,0,0.2,0.6,1.8,0,0,1,2180,0,1,0, 0.2, 0.2
450.soplex,450.soplex_153,2,31,0,0.16129,0.516129,1.83871,0.225806,0.0322581,1,2180,0,1.06452,0, 0.0322581, 0.225806
450.soplex,450.soplex_154,1,254,0,0.19685,0.507874,2.11811,0.0944882,0.011811,1,2180,0,0.96063,0, 0.0748031, 0.145669
450.soplex,450.soplex_155,1,6,0,0.166667,0.666667,1.33333,0.166667,0,1,2180,0,1,0, 0.166667, 0.333333
450.soplex,450.soplex_156,1,15,0,0.2,0.533333,1.4,0.2,0.0666667,1,6522,0,1,0, 0.0666667, 0.333333
450.soplex,450.soplex_157,1,10,0,0.2,0.4,1.5,0.2,0.1,1,6522,0,1,0, 0, 0.3
450.soplex,450.soplex_158,1,10,0,0.2,0.4,1.5,0.2,0.1,1,6522,0,1,0, 0, 0.3
450.soplex,450.soplex_159,1,15,0,0.0666667,0.533333,2.33333,0.0666667,0,1,0,0,1.53333,0, 0, 0.266667
450.soplex,450.soplex_160,1,29,0,0.0344828,0.62069,1.68966,0.137931,0,1,0,0,1.27586,0, 0.103448, 0.344828
450.soplex,450.soplex_161,1,15,0,0.0666667,0.533333,2.33333,0.0666667,0,1,0,0,1.53333,0, 0, 0.266667
450.soplex,450.soplex_162,1,1,0,1,0,1,0,0,1,1111,0,0,0, 0, 0
450.soplex,450.soplex_163,1,13,0,0.230769,0.384615,2.07692,0,0,1,0,0,1.23077,0, 0, 0.307692
450.soplex,450.soplex_164,1,17,0,0.176471,0.470588,1.94118,0.0588235,0,1,0,0,1.29412,0, 0, 0.352941
450.soplex,450.soplex_165,1,7,0,0.142857,0.428571,1.71429,0.142857,0,1,0,0,1.28571,0, 0, 0.285714
450.soplex,450.soplex_166,1,7,0,0.142857,0.571429,1.42857,0.142857,0,1,0,0,1.14286,0, 0, 0.428571
450.soplex,450.soplex_167,1,20,0,0.15,0.55,1.85,0.1,0.05,1,0,0,1.15,0, 0, 0.3
450.soplex,450.soplex_168,1,58,0,0.0689655,0.655172,1.58621,0.189655,0.0172414,1,0,0,1.15517,0, 0.0517241, 0.344828
450.soplex,450.soplex_169,1,47,0,0.12766,0.638298,1.6383,0.12766,0.0425532,1,0,0,1.12766,0, 0.12766, 0.319149
450.soplex,450.soplex_170,1,6,0,0.166667,0.666667,2.16667,0,0,1,4,0,1,0, 0.166667, 0.166667
450.soplex,450.soplex_171,1,17,0,0.235294,0.411765,2.70588,0,0.117647,1,0,0,1.23529,0, 0, 0.235294
450.soplex,450.soplex_172,1,0,0,0,0,0,0,0,1,0,0,0,0, 0, 0
450.soplex,450.soplex_173,1,0,0,0,0,0,0,0,1,7812,0,0,0, 0, 0
450.soplex,450.soplex_174,1,21,0,0.142857,0.47619,2.09524,0.047619,0.047619,1,0,0,1.33333,0, 0.047619, 0.285714
450.soplex,450.soplex_175,1,18,0,0.111111,0.611111,1.66667,0.222222,0.0555556,1,0,0,1.11111,0, 0, 0.333333
450.soplex,450.soplex_176,1,18,0,0.222222,0.5,2.16667,0,0.0555556,1,0,0,1.11111,0, 0.0555556, 0.222222
450.soplex,450.soplex_177,1,27,0,0.037037,0.37037,2,0.185185,0,1,0,0,1.2963,0, 0, 0.37037
450.soplex,450.soplex_178,2,4,0,0.25,0.5,2.25,0,0,1,14,0,1,0, 0.25, 0.25
450.soplex,450.soplex_179,1,25,0,0.28,0.44,1.84,0.04,0.08,1,2,0,1.08,0, 0.08, 0.32
450.soplex,450.soplex_180,1,4,0,0.25,0.5,2.25,0,0,1,2,0,1,0, 0.25, 0.25
450.soplex,450.soplex_181,1,0,0,0,0,0,0,0,1,0,0,0,0, 0, 0
450.soplex,450.soplex_182,1,27,0,0.111111,0.555556,2.14815,0,0.0740741,1,6701,0,1.25926,0, 0.037037, 0.296296
450.soplex,450.soplex_183,1,13,0.0769231,0.0769231,0.769231,2.07692,0,0.0769231,1,51,0,1.23077,0, 0.153846, 0.307692
450.soplex,450.soplex_184,1,0,0,0,0,0,0,0,1,50,0,0,0, 0, 0
450.soplex,450.soplex_185,2,25,0.08,0.04,0.76,1.72,0.12,0,1,11841,0,1.2,0, 0.04, 0.36
450.soplex,450.soplex_186,1,54,0.037037,0.0740741,0.759259,1.61111,0.12963,0.0185185,1,33,0,1.18519,0, 0.111111, 0.37037
450.soplex,450.soplex_187,2,0,0,0,0,0,0,0,1,0,0,0,0, 0, 0
450.soplex,450.soplex_188,1,70,0.0142857,0.0571429,0.742857,1.4,0.157143,0,1,0,0,1.27143,0, 0.128571, 0.442857
450.soplex,450.soplex_189,2,0,0,0,0,0,0,0,1,0,0,0,0, 0, 0
450.soplex,450.soplex_190,2,0,0,0,0,0,0,0,1,0,0,0,0, 0, 0
450.soplex,450.soplex_191,2,0,0,0,0,0,0,0,1,0,0,0,0, 0, 0
450.soplex,450.soplex_192,1,151,0.0397351,0.0860927,0.708609,1.39735,0.165563,0.00662252,1,0,0,1.21854,0, 0.112583, 0.417219
450.soplex,450.soplex_193,2,0,0,0,0,0,0,0,1,0,0,0,0, 0, 0
450.soplex,450.soplex_194,2,0,0,0,0,0,0,0,1,0,0,0,0, 0, 0
450.soplex,450.soplex_195,2,0,0,0,0,0,0,0,1,0,0,0,0, 0, 0
450.soplex,450.soplex_196,1,198,0.010101,0.0707071,0.722222,1.40404,0.176768,0,1,0,0,1.23232,0, 0.146465, 0.409091
450.soplex,450.soplex_197,2,17,0.117647,0.0588235,0.764706,1.47059,0.0588235,0,1,0,0,1.29412,0, 0.176471, 0.411765
450.soplex,450.soplex_198,1,38,0.0263158,0.0526316,0.736842,1.36842,0.157895,0,1,33,0,1.26316,0, 0.157895, 0.421053
450.soplex,450.soplex_199,2,17,0.117647,0.0588235,0.764706,1.47059,0.0588235,0,1,3304,0,1.29412,0, 0.176471, 0.411765
450.soplex,450.soplex_200,1,38,0.0263158,0.105263,0.684211,1.39474,0.157895,0.0263158,1,33,0,1.21053,0, 0.131579, 0.394737
450.soplex,450.soplex_201,2,29,0.137931,0.0344828,0.758621,1.41379,0.0689655,0,1,0,0,1.31034,0, 0.137931, 0.482759
450.soplex,450.soplex_202,1,51,0.0392157,0.0392157,0.745098,1.37255,0.156863,0,1,0,0,1.27451,0, 0.156863, 0.431373
450.soplex,450.soplex_203,2,17,0.117647,0.0588235,0.764706,1.47059,0.0588235,0,1,0,0,1.29412,0, 0.176471, 0.411765
450.soplex,450.soplex_204,2,17,0.117647,0.0588235,0.764706,1.47059,0.0588235,0,1,0,0,1.29412,0, 0.176471, 0.411765
450.soplex,450.soplex_205,2,29,0.137931,0.0344828,0.758621,1.41379,0.0689655,0,1,0,0,1.31034,0, 0.137931, 0.482759
450.soplex,450.soplex_206,1,110,0.0363636,0.118182,0.672727,1.40909,0.145455,0.00909091,1,0,0,1.19091,0, 0.127273, 0.4
450.soplex,450.soplex_207,2,17,0.117647,0.0588235,0.764706,1.47059,0.0588235,0,1,0,0,1.29412,0, 0.176471, 0.411765
450.soplex,450.soplex_208,1,38,0.0263158,0.105263,0.684211,1.39474,0.157895,0.0263158,1,0,0,1.21053,0, 0.131579, 0.394737
450.soplex,450.soplex_209,2,17,0.117647,0.0588235,0.764706,1.47059,0.0588235,0,1,0,0,1.29412,0, 0.176471, 0.411765
450.soplex,450.soplex_210,2,17,0.117647,0.0588235,0.764706,1.47059,0.0588235,0,1,0,0,1.29412,0, 0.176471, 0.411765
450.soplex,450.soplex_211,2,29,0.137931,0.0344828,0.758621,1.41379,0.0689655,0,1,0,0,1.31034,0, 0.137931, 0.482759
450.soplex,450.soplex_212,1,110,0.0363636,0.118182,0.672727,1.40909,0.145455,0.00909091,1,0,0,1.19091,0, 0.127273, 0.4
450.soplex,450.soplex_213,1,0,0,0,0,0,0,0,1,0,0,0,0, 0, 0
450.soplex,450.soplex_214,1,0,0,0,0,0,0,0,1,0,0,0,0, 0, 0
450.soplex,450.soplex_215,2,17,0.117647,0.0588235,0.764706,1.47059,0.0588235,0,1,6362,0,1.29412,0, 0.176471, 0.411765
450.soplex,450.soplex_216,1,66,0.030303,0.0606061,0.757576,1.39394,0.151515,0.0151515,1,33,0,1.25758,0, 0.151515, 0.439394
450.soplex,450.soplex_217,2,17,0.117647,0.0588235,0.764706,1.47059,0.0588235,0,1,0,0,1.29412,0, 0.176471, 0.411765
450.soplex,450.soplex_218,2,17,0.117647,0.0588235,0.764706,1.47059,0.0588235,0,1,0,0,1.29412,0, 0.176471, 0.411765
450.soplex,450.soplex_219,2,30,0.133333,0.0333333,0.766667,1.4,0.0666667,0,1,0,0,1.3,0, 0.133333, 0.5
450.soplex,450.soplex_220,1,171,0.0467836,0.0760234,0.736842,1.42105,0.140351,0.00584795,1,0,0,1.25146,0, 0.140351, 0.432749
450.soplex,450.soplex_221,2,17,0.117647,0.0588235,0.764706,1.47059,0.0588235,0,1,0,0,1.29412,0, 0.176471, 0.411765
450.soplex,450.soplex_222,2,17,0.117647,0.0588235,0.764706,1.47059,0.0588235,0,1,0,0,1.29412,0, 0.176471, 0.411765
450.soplex,450.soplex_223,2,29,0.137931,0.0344828,0.758621,1.41379,0.0689655,0,1,0,0,1.31034,0, 0.137931, 0.482759
450.soplex,450.soplex_224,1,105,0.0285714,0.114286,0.685714,1.4,0.142857,0.00952381,1,0,0,1.2,0, 0.142857, 0.4
450.soplex,450.soplex_225,2,0,0,0,0,0,0,0,1,0,0,0,0, 0, 0
450.soplex,450.soplex_226,2,0,0,0,0,0,0,0,1,0,0,0,0, 0, 0
450.soplex,450.soplex_227,2,0,0,0,0,0,0,0,1,0,0,0,0, 0, 0
450.soplex,450.soplex_228,1,121,0.0165289,0.0991736,0.661157,1.42975,0.140496,0.0165289,1,0,0,1.22314,0, 0.140496, 0.396694
450.soplex,450.soplex_229,2,17,0.117647,0.0588235,0.764706,1.47059,0.0588235,0,1,0,0,1.29412,0, 0.176471, 0.411765
450.soplex,450.soplex_230,1,38,0.0263158,0.105263,0.684211,1.39474,0.157895,0.0263158,1,33,0,1.21053,0, 0.131579, 0.394737
450.soplex,450.soplex_231,2,0,0,0,0,0,0,0,1,7847,0,0,0, 0, 0
450.soplex,450.soplex_232,1,42,0.0238095,0.0714286,0.714286,1.40476,0.142857,0.0238095,1,33,0,1.2619,0, 0.142857, 0.428571
450.soplex,450.soplex_233,2,0,0,0,0,0,0,0,1,0,0,0,0, 0, 0
450.soplex,450.soplex_234,1,57,0,0.0701754,0.736842,1.4386,0.122807,0,1,0,0,1.26316,0, 0.175439, 0.421053
450.soplex,450.soplex_235,2,17,0.117647,0.0588235,0.764706,1.47059,0.0588235,0,1,0,0,1.29412,0, 0.176471, 0.411765
450.soplex,450.soplex_236,1,38,0.0263158,0.0526316,0.736842,1.36842,0.157895,0,1,0,0,1.26316,0, 0.157895, 0.421053
450.soplex,450.soplex_237,2,29,0.137931,0.0344828,0.758621,1.41379,0.0689655,0,1,0,0,1.31034,0, 0.137931, 0.482759
450.soplex,450.soplex_238,1,51,0.0392157,0.0392157,0.745098,1.37255,0.156863,0,1,0,0,1.27451,0, 0.156863, 0.431373
450.soplex,450.soplex_239,1,0,0,0,0,0,0,0,1,1,0,0,0, 0, 0
450.soplex,450.soplex_240,1,87,0.091954,0.126437,0.482759,1.78161,0.137931,0.0114943,1,0,0,1.1954,0, 0.0229885, 0.321839
450.soplex,450.soplex_241,1,100,0.08,0.12,0.54,1.68,0.12,0.02,1,1,0,1.16,0, 0.02, 0.4
450.soplex,450.soplex_242,1,99,0.0808081,0.111111,0.545455,1.68687,0.121212,0.010101,1,1,0,1.17172,0, 0.020202, 0.40404
450.soplex,450.soplex_243,1,30,0.133333,0.166667,0.4,1.83333,0.133333,0,1,2,0,1.23333,0, 0.0666667, 0.266667
450.soplex,450.soplex_244,1,41,0.146341,0.146341,0.390244,1.82927,0.146341,0,1,2,0,1.26829,0, 0.0731707, 0.268293
450.soplex,450.soplex_245,1,42,0.142857,0.142857,0.404762,1.85714,0.142857,0,1,0,0,1.2619,0, 0.0714286, 0.261905
450.soplex,450.soplex_246,1,53,0.150943,0.113208,0.415094,1.84906,0.150943,0,1,0,0,1.30189,0, 0.0754717, 0.264151
450.soplex,450.soplex_247,1,53,0.150943,0.113208,0.415094,1.84906,0.150943,0,1,0,0,1.30189,0, 0.0754717, 0.264151
450.soplex,450.soplex_248,1,18,0.111111,0.0555556,0.722222,1.5,0.111111,0,1,2,0,1.22222,0, 0.0555556, 0.444444
450.soplex,450.soplex_249,1,0,0,0,0,0,0,0,1,0,0,0,0, 0, 0
450.soplex,450.soplex_250,1,10,0,0.1,0.6,1.6,0.1,0,1,0,0,1.3,0, 0.1, 0.4
450.soplex,450.soplex_251,1,10,0,0.1,0.6,1.6,0.1,0,1,0,0,1.3,0, 0.1, 0.4
450.soplex,450.soplex_252,1,13,0,0.153846,0.538462,2.07692,0.0769231,0.0769231,1,0,0,1.38462,0, 0.0769231, 0.384615
450.soplex,450.soplex_253,1,13,0,0.153846,0.538462,2.07692,0.0769231,0.0769231,1,0,0,1.38462,0, 0.0769231, 0.384615
450.soplex,450.soplex_254,1,0,0,0,0,0,0,0,1,0,0,0,0, 0, 0
450.soplex,450.soplex_255,1,13,0,0.0769231,0.615385,1.53846,0.153846,0,1,0,0,1.23077,0, 0, 0.384615
450.soplex,450.soplex_256,1,11,0,0.0909091,0.636364,1.54545,0.181818,0,1,0,0,1.18182,0, 0, 0.363636
450.soplex,450.soplex_257,1,0,0,0,0,0,0,0,1,0,0,0,0, 0, 0
450.soplex,450.soplex_258,1,13,0,0.0769231,0.615385,1.53846,0.153846,0,1,0,0,1.23077,0, 0, 0.384615
450.soplex,450.soplex_259,1,11,0,0.0909091,0.636364,1.54545,0.181818,0,1,0,0,1.18182,0, 0, 0.363636
450.soplex,450.soplex_260,1,0,0,0,0,0,0,0,1,1,0,0,0, 0, 0
450.soplex,450.soplex_261,1,274,0.138686,0.189781,0.485401,1.64964,0.0693431,0.0255474,1,0,0,1.12044,0, 0.0693431, 0.368613
450.soplex,450.soplex_262,1,136,0.147059,0.161765,0.529412,1.64706,0.0588235,0.0294118,1,0,0,1.13235,0, 0.0882353, 0.382353
450.soplex,450.soplex_263,2,16,0,0.0625,0.625,2.4375,0.0625,0,1,0,0,1.25,0, 0.125, 0.3125
450.soplex,450.soplex_264,3,8,0,0.125,0.5,2.125,0.125,0,1,0,0,1.25,0, 0.125, 0.375
450.soplex,450.soplex_265,3,62,0.0806452,0.016129,0.5,2.27419,0.16129,0,1,0,0,1.35484,0, 0.0322581, 0.370968
450.soplex,450.soplex_266,2,140,0.0571429,0.0928571,0.485714,2.10714,0.135714,0.0285714,1,0,0,1.28571,0, 0.0928571, 0.328571
450.soplex,450.soplex_267,1,28,0.0714286,0.214286,0.357143,2.46429,0.0357143,0.0357143,1,0,0,0.928571,0, 0.142857, 0.107143
450.soplex,450.soplex_268,1,4,0,0.25,0.5,2.25,0,0,1,0,0,1,0, 0.25, 0.25
450.soplex,450.soplex_269,1,4,0,0.25,0.5,2.25,0,0,1,0,0,1,0, 0.25, 0.25
450.soplex,450.soplex_270,1,95,0.0210526,0.0631579,0.4,1.85263,0.347368,0.0210526,1,0,0,1.23158,0, 0.0526316, 0.263158
450.soplex,450.soplex_271,1,9,0,0.111111,0.777778,1.77778,0,0.111111,1,0,0,1.22222,0, 0.111111, 0.444444
450.soplex,450.soplex_272,1,19,0,0.0526316,0.631579,2.05263,0,0,1,0,0,1.31579,0, 0.105263, 0.315789
450.soplex,450.soplex_273,1,38,0,0.0789474,0.578947,2.10526,0.0263158,0.0263158,1,2,0,1.28947,0, 0.0789474, 0.289474
450.soplex,450.soplex_274,1,38,0,0.0789474,0.578947,2.10526,0.0263158,0.0263158,1,2,0,1.28947,0, 0.0789474, 0.289474
450.soplex,450.soplex_275,1,85,0,0.235294,0.317647,2.64706,0.0117647,0.0352941,1,0,0,1.07059,0, 0.117647, 0.129412
450.soplex,450.soplex_276,1,7,0,0.285714,0.428571,2.42857,0,0.142857,1,0,0,1.14286,0, 0.142857, 0.142857
450.soplex,450.soplex_277,1,9,0,0.222222,0.444444,2.55556,0,0.111111,1,0,0,1.33333,0, 0.111111, 0.222222
450.soplex,450.soplex_278,2,10,0,0.2,0.5,2.1,0,0.1,1,0,0,1.1,0, 0, 0.3
450.soplex,450.soplex_279,1,69,0,0.15942,0.376812,2.05797,0.0869565,0.0289855,1,0,0,1.15942,0, 0, 0.26087
450.soplex,450.soplex_280,1,11,0,0.0909091,0.545455,2.36364,0.0909091,0,1,0,0,1.27273,0, 0.0909091, 0.363636
450.soplex,450.soplex_281,1,18,0.0555556,0.166667,0.444444,2.22222,0.111111,0.0555556,1,0,0,1.16667,0, 0, 0.388889
450.soplex,450.soplex_282,1,31,0,0.16129,0.419355,2.03226,0.0645161,0.0645161,1,0,0,1.06452,0, 0.0322581, 0.258065
450.soplex,450.soplex_283,1,31,0,0.16129,0.419355,2.03226,0.0645161,0.0645161,1,0,0,1.06452,0, 0.0322581, 0.258065
450.soplex,450.soplex_284,1,18,0,0.277778,0.388889,2,0,0.111111,1,0,0,1.11111,0, 0.0555556, 0.222222
450.soplex,450.soplex_285,1,18,0,0.277778,0.388889,2,0,0.111111,1,0,0,1.11111,0, 0.0555556, 0.222222
450.soplex,450.soplex_286,1,42,0.0714286,0.0238095,0.52381,1.92857,0.166667,0,1,1,0,1.33333,0, 0.0952381, 0.285714
450.soplex,450.soplex_287,1,23,0,0.0434783,0.521739,2.04348,0.173913,0,1,1,0,1.30435,0, 0.0869565, 0.26087
450.soplex,450.soplex_288,1,25,0,0.04,0.48,2,0.24,0,1,0,0,1.28,0, 0.08, 0.2
450.soplex,450.soplex_289,1,25,0,0.04,0.48,2,0.24,0,1,0,0,1.28,0, 0.08, 0.2
450.soplex,450.soplex_290,1,21,0,0.190476,0.190476,2.04762,0.190476,0,1,1,0,1.33333,0, 0, 0.142857
450.soplex,450.soplex_291,1,21,0,0.190476,0.190476,2.04762,0.190476,0,1,1,0,1.33333,0, 0, 0.142857
450.soplex,450.soplex_292,1,37,0.108108,0.135135,0.432432,1.86486,0.108108,0.0540541,1,0,0,1.13514,0, 0, 0.324324
450.soplex,450.soplex_293,1,41,0.097561,0.121951,0.487805,1.78049,0.097561,0.0487805,1,0,0,1.12195,0, 0, 0.390244
450.soplex,450.soplex_294,1,41,0.097561,0.121951,0.487805,1.78049,0.097561,0.0487805,1,0,0,1.12195,0, 0, 0.390244
450.soplex,450.soplex_295,1,15,0,0.0666667,0.533333,2.06667,0.0666667,0,1,1,0,1.4,0, 0.0666667, 0.333333
450.soplex,450.soplex_296,1,7,0,0.142857,0.571429,2,0,0,1,0,0,1.28571,0, 0.142857, 0.285714
450.soplex,450.soplex_297,1,13,0,0.230769,0.230769,2.23077,0.0769231,0.0769231,1,0,0,1.23077,0, 0, 0.153846
450.soplex,450.soplex_298,1,46,0,0.173913,0.586957,1.80435,0.0652174,0.0434783,1,0,0,1.08696,0, 0.0652174, 0.326087
450.soplex,450.soplex_299,1,42,0,0.190476,0.547619,1.7381,0.0714286,0.047619,1,0,0,1.09524,0, 0.0238095, 0.357143
450.soplex,450.soplex_300,1,18,0,0.0555556,0.555556,2,0.111111,0,1,0,0,1.33333,0, 0.0555556, 0.333333
450.soplex,450.soplex_301,1,10,0,0.1,0.6,1.9,0.1,0,1,1,0,1.2,0, 0.1, 0.3
450.soplex,450.soplex_302,1,13,0,0.230769,0.230769,2.23077,0.0769231,0.0769231,1,0,0,1.23077,0, 0, 0.153846
450.soplex,450.soplex_303,1,33,0,0.181818,0.545455,1.81818,0.0606061,0.0606061,1,0,0,1.09091,0, 0.030303, 0.333333
450.soplex,450.soplex_304,1,42,0,0.190476,0.547619,1.7381,0.0714286,0.047619,1,0,0,1.09524,0, 0.0238095, 0.357143
450.soplex,450.soplex_305,1,25,0.12,0.2,0.52,1.68,0.08,0.04,1,0,0,1.12,0, 0.12, 0.32
450.soplex,450.soplex_306,1,29,0.103448,0.172414,0.482759,1.7931,0.103448,0.0344828,1,0,0,1.13793,0, 0.0689655, 0.310345
450.soplex,450.soplex_307,1,29,0.103448,0.172414,0.482759,1.7931,0.103448,0.0344828,1,0,0,1.13793,0, 0.0689655, 0.310345
450.soplex,450.soplex_308,1,94,0.148936,0.12766,0.638298,1.45745,0.0744681,0.0212766,1,0,0,1.21277,0, 0.0851064, 0.478723
450.soplex,450.soplex_309,1,94,0.148936,0.12766,0.638298,1.45745,0.0744681,0.0212766,1,0,0,1.21277,0, 0.0851064, 0.478723
450.soplex,450.soplex_310,1,108,0.12963,0.111111,0.592593,1.52778,0.101852,0.0185185,1,0,0,1.25926,0, 0.0740741, 0.435185
450.soplex,450.soplex_311,1,108,0.12963,0.111111,0.592593,1.52778,0.101852,0.0185185,1,0,0,1.25926,0, 0.0740741, 0.435185
450.soplex,450.soplex_312,1,108,0.12963,0.111111,0.592593,1.52778,0.101852,0.0185185,1,0,0,1.25926,0, 0.0740741, 0.435185
450.soplex,450.soplex_313,1,108,0.12963,0.111111,0.592593,1.52778,0.101852,0.0185185,1,0,0,1.25926,0, 0.0740741, 0.435185
450.soplex,450.soplex_314,1,5,0,0.2,0.4,2,0,0,1,0,0,1.2,0, 0.2, 0.2
450.soplex,450.soplex_315,1,5,0,0.2,0.4,2,0,0,1,0,0,1.2,0, 0.2, 0.2
450.soplex,450.soplex_316,1,0,0,0,0,0,0,0,1,0,0,0,0, 0, 0
450.soplex,450.soplex_317,1,0,0,0,0,0,0,0,1,0,0,0,0, 0, 0
450.soplex,450.soplex_318,1,0,0,0,0,0,0,0,1,0,0,0,0, 0, 0
450.soplex,450.soplex_319,1,47,0.106383,0.106383,0.659574,1.46809,0.12766,0.0425532,1,0,0,1.21277,0, 0.0851064, 0.425532
450.soplex,450.soplex_320,1,27,0.111111,0.037037,0.666667,1.51852,0.111111,0,1,0,0,1.33333,0, 0.111111, 0.444444
450.soplex,450.soplex_321,1,47,0.106383,0.106383,0.659574,1.46809,0.12766,0.0425532,1,0,0,1.21277,0, 0.0851064, 0.425532
450.soplex,450.soplex_322,1,47,0.106383,0.106383,0.659574,1.46809,0.12766,0.0425532,1,0,0,1.21277,0, 0.0851064, 0.425532
450.soplex,450.soplex_323,1,39,0.128205,0.0769231,0.564103,1.69231,0.128205,0.0512821,1,0,0,1.25641,0, 0.0512821, 0.384615
450.soplex,450.soplex_324,1,39,0.128205,0.0769231,0.564103,1.69231,0.128205,0.0512821,1,0,0,1.25641,0, 0.0512821, 0.384615
450.soplex,450.soplex_325,1,8,0,0.125,0.5,1.625,0.25,0,1,0,0,1.125,0, 0.125, 0.25
450.soplex,450.soplex_326,1,8,0,0.125,0.5,1.625,0.25,0,1,0,0,1.125,0, 0.125, 0.25
450.soplex,450.soplex_327,2,15,0.0666667,0.0666667,0.6,1.66667,0.0666667,0,1,0,0,1.26667,0, 0.0666667, 0.466667
450.soplex,450.soplex_328,1,9,0,0.222222,0.555556,1.66667,0.111111,0,1,0,0,1,0, 0.222222, 0.222222
450.soplex,450.soplex_329,2,28,0.0714286,0.0357143,0.642857,1.64286,0.0357143,0.0357143,1,0,0,1.35714,0, 0.107143, 0.5
450.soplex,450.soplex_330,1,77,0.0779221,0.12987,0.545455,1.72727,0.116883,0.025974,1,0,0,1.11688,0, 0.103896, 0.337662
450.soplex,450.soplex_331,1,81,0.0864198,0.0987654,0.567901,1.71605,0.0987654,0.0246914,1,0,0,1.17284,0, 0.0987654, 0.37037
450.soplex,450.soplex_332,2,15,0.0666667,0.0666667,0.6,1.66667,0.0666667,0,1,0,0,1.26667,0, 0.0666667, 0.466667
450.soplex,450.soplex_333,1,9,0,0.222222,0.555556,1.66667,0.111111,0,1,0,0,1,0, 0.222222, 0.222222
450.soplex,450.soplex_334,2,28,0.0714286,0.0357143,0.642857,1.64286,0.0357143,0.0357143,1,0,0,1.35714,0, 0.107143, 0.5
450.soplex,450.soplex_335,1,86,0.0813953,0.116279,0.55814,1.72093,0.116279,0.0232558,1,0,0,1.13953,0, 0.104651, 0.348837
450.soplex,450.soplex_336,1,72,0.0833333,0.111111,0.555556,1.72222,0.0972222,0.0277778,1,0,0,1.15278,0, 0.0972222, 0.361111
450.soplex,450.soplex_337,1,130,0.2,0.130769,0.584615,1.50769,0.0692308,0.0307692,1,490,0,1.24615,0, 0.107692, 0.423077
450.soplex,450.soplex_338,1,150,0.18,0.133333,0.586667,1.51333,0.0733333,0.0333333,1,0,0,1.22667,0, 0.126667, 0.406667
450.soplex,450.soplex_339,1,130,0.2,0.130769,0.584615,1.50769,0.0692308,0.0307692,1,273,0,1.24615,0, 0.107692, 0.423077
450.soplex,450.soplex_340,1,150,0.18,0.133333,0.586667,1.51333,0.0733333,0.0333333,1,0,0,1.22667,0, 0.126667, 0.406667
450.soplex,450.soplex_341,1,103,0.116505,0.15534,0.679612,1.41748,0.0485437,0.0291262,1,171,0,1.18447,0, 0.135922, 0.495146
450.soplex,450.soplex_342,1,103,0.116505,0.15534,0.679612,1.41748,0.0485437,0.0291262,1,0,0,1.18447,0, 0.135922, 0.495146
450.soplex,450.soplex_343,1,34,0.0588235,0.205882,0.470588,2.02941,0,0.0588235,1,2,0,1.35294,0, 0.117647, 0.323529
450.soplex,450.soplex_344,1,31,0.0645161,0.16129,0.516129,2.03226,0,0.0645161,1,173,0,1.41935,0, 0.129032, 0.354839
450.soplex,450.soplex_345,1,35,0.0285714,0.2,0.457143,2.17143,0,0.0571429,1,244,0,1.4,0, 0.0857143, 0.342857
450.soplex,450.soplex_346,1,35,0.0285714,0.2,0.457143,2.17143,0,0.0571429,1,50,0,1.4,0, 0.0857143, 0.342857
450.soplex,450.soplex_347,1,11,0,0.272727,0.363636,2.27273,0,0.0909091,1,0,0,1.09091,0, 0.181818, 0
450.soplex,450.soplex_348,1,106,0.169811,0.132075,0.603774,1.48113,0.0754717,0.0188679,1,0,0,1.22642,0, 0.0754717, 0.45283
450.soplex,450.soplex_349,1,106,0.169811,0.132075,0.603774,1.48113,0.0754717,0.0188679,1,0,0,1.22642,0, 0.0754717, 0.45283
450.soplex,450.soplex_350,1,132,0.151515,0.159091,0.560606,1.60606,0.030303,0.0227273,1,0,0,1.24242,0, 0.0909091, 0.454545
450.soplex,450.soplex_351,1,132,0.151515,0.159091,0.560606,1.60606,0.030303,0.0227273,1,0,0,1.24242,0, 0.0909091, 0.454545
450.soplex,450.soplex_352,2,142,0.126761,0.133803,0.549296,1.61972,0.056338,0.028169,1,0,0,1.25352,0, 0.084507, 0.43662
450.soplex,450.soplex_353,2,142,0.126761,0.133803,0.549296,1.61972,0.056338,0.028169,1,0,0,1.25352,0, 0.084507, 0.43662
450.soplex,450.soplex_354,1,190,0.110526,0.147368,0.5,1.64737,0.0684211,0.0263158,1,0,0,1.18947,0, 0.0789474, 0.384211
450.soplex,450.soplex_355,2,138,0.115942,0.137681,0.550725,1.62319,0.057971,0.0217391,1,0,0,1.24638,0, 0.0869565, 0.434783
450.soplex,450.soplex_356,2,138,0.115942,0.137681,0.550725,1.62319,0.057971,0.0217391,1,0,0,1.24638,0, 0.0869565, 0.434783
450.soplex,450.soplex_357,1,175,0.102857,0.137143,0.497143,1.65143,0.0742857,0.0285714,1,0,0,1.19429,0, 0.0742857, 0.382857
450.soplex,450.soplex_358,1,50,0.06,0.22,0.38,1.86,0,0.08,1,0,0,1.04,0, 0.04, 0.34
450.soplex,450.soplex_359,1,82,0.0853659,0.146341,0.426829,1.90244,0,0.0609756,1,0,0,1.15854,0, 0.0243902, 0.402439
450.soplex,450.soplex_360,1,78,0.0769231,0.192308,0.384615,1.92308,0,0.0512821,1,0,0,1.0641,0, 0.025641, 0.358974
450.soplex,450.soplex_361,1,9,0,0.111111,0.444444,2.11111,0,0,1,0,0,1.55556,0, 0, 0.444444
450.soplex,450.soplex_362,1,11,0,0.0909091,0.454545,2.18182,0,0,1,0,0,1.63636,0, 0, 0.454545
450.soplex,450.soplex_363,2,5,0,0.2,0.2,2,0.4,0,1,0,0,1,0, 0, 0
450.soplex,450.soplex_364,1,28,0,0.142857,0.357143,1.96429,0.142857,0.0357143,1,0,0,1.21429,0, 0.107143, 0.214286
450.soplex,450.soplex_365,2,5,0,0.2,0.2,2,0.4,0,1,0,0,1,0, 0, 0
450.soplex,450.soplex_366,1,24,0,0.166667,0.416667,1.95833,0.0833333,0.0416667,1,0,0,1.25,0, 0.125, 0.25
450.soplex,450.soplex_367,2,29,0,0.0344828,0.724138,1.96552,0.0344828,0,1,614,0,1.37931,0, 0.206897, 0.482759
450.soplex,450.soplex_368,1,12,0,0.25,0.416667,2.08333,0,0.0833333,1,1,0,1.16667,0, 0.166667, 0.25
450.soplex,450.soplex_369,1,35,0,0.0285714,0.657143,1.88571,0.0857143,0,1,1,0,1.34286,0, 0.0571429, 0.514286
450.soplex,450.soplex_370,2,10,0,0.1,0.6,1.7,0.1,0,1,614,0,1.2,0, 0.1, 0.4
450.soplex,450.soplex_371,1,15,0,0.133333,0.533333,2,0,0,1,1,0,1.2,0, 0.2, 0.333333
450.soplex,450.soplex_372,1,6,0,0.166667,0.666667,1.33333,0.166667,0,1,1,0,1,0, 0.166667, 0.333333
450.soplex,450.soplex_373,2,32,0,0.03125,0.65625,2.21875,0,0,1,0,0,1.40625,0, 0.1875, 0.46875
450.soplex,450.soplex_374,1,9,0,0.222222,0.444444,2.11111,0,0,1,0,0,1.11111,0, 0.222222, 0.222222
450.soplex,450.soplex_375,1,27,0,0.148148,0.407407,2.37037,0.0740741,0.0740741,1,0,0,1.2963,0, 0.037037, 0.333333
450.soplex,450.soplex_376,3,8,0,0.125,0.375,2.25,0.25,0,1,0,0,1.125,0, 0.125, 0.125
450.soplex,450.soplex_377,2,27,0,0.148148,0.333333,2.37037,0.0740741,0.037037,1,0,0,1.14815,0, 0.111111, 0.222222
450.soplex,450.soplex_378,1,10,0,0.2,0.5,2,0,0,1,0,0,1.1,0, 0.2, 0.3
450.soplex,450.soplex_379,1,4,0,0.25,0.5,2.25,0,0,1,0,0,1,0, 0.25, 0.25
450.soplex,450.soplex_380,2,32,0,0.03125,0.65625,2.21875,0,0,1,0,0,1.40625,0, 0.1875, 0.46875
450.soplex,450.soplex_381,1,22,0.0454545,0.136364,0.454545,2,0.136364,0.0454545,1,0,0,1.22727,0, 0.136364, 0.227273
450.soplex,450.soplex_382,1,27,0,0.148148,0.407407,2.37037,0.0740741,0.0740741,1,0,0,1.2963,0, 0.037037, 0.333333
450.soplex,450.soplex_383,3,8,0,0.125,0.375,2.25,0.25,0,1,0,0,1.125,0, 0.125, 0.125
450.soplex,450.soplex_384,2,23,0,0.173913,0.391304,2.43478,0,0.0434783,1,0,0,1.17391,0, 0.130435, 0.26087
450.soplex,450.soplex_385,1,10,0,0.2,0.5,2,0,0,1,0,0,1.1,0, 0.2, 0.3
450.soplex,450.soplex_386,1,4,0,0.25,0.5,2.25,0,0,1,0,0,1,0, 0.25, 0.25
450.soplex,450.soplex_387,1,8,0,0.125,0.5,1.75,0.125,0,1,0,0,1.375,0, 0, 0.375
450.soplex,450.soplex_388,1,8,0,0.125,0.5,1.75,0.125,0,1,0,0,1.375,0, 0, 0.375
450.soplex,450.soplex_389,1,13,0,0.0769231,0.615385,1.76923,0,0,1,0,0,1.38462,0, 0.153846, 0.461538
450.soplex,450.soplex_390,1,11,0,0.0909091,0.545455,1.81818,0,0,1,0,0,1.36364,0, 0.0909091, 0.454545
450.soplex,450.soplex_391,1,13,0,0.0769231,0.615385,1.76923,0,0,1,0,0,1.38462,0, 0.153846, 0.461538
450.soplex,450.soplex_392,1,11,0,0.0909091,0.545455,1.81818,0,0,1,0,0,1.36364,0, 0.0909091, 0.454545
450.soplex,450.soplex_393,2,27,0,0.148148,0.62963,1.48148,0.0740741,0.037037,1,0,0,1.14815,0, 0.0740741, 0.481481
450.soplex,450.soplex_394,1,9,0,0.222222,0.444444,1.66667,0,0,1,0,0,1.11111,0, 0.222222, 0.222222
450.soplex,450.soplex_395,2,27,0,0.148148,0.62963,1.48148,0.0740741,0.037037,1,0,0,1.14815,0, 0.0740741, 0.481481
450.soplex,450.soplex_396,1,9,0,0.222222,0.444444,1.66667,0,0,1,0,0,1.11111,0, 0.222222, 0.222222
450.soplex,450.soplex_397,1,0,0,0,0,0,0,0,1,0,0,0,0, 0, 0
450.soplex,450.soplex_398,1,7,0,0.142857,0.714286,1.28571,0.142857,0,1,0,0,1.14286,0, 0.142857, 0.428571
450.soplex,450.soplex_399,1,0,0,0,0,0,0,0,1,0,0,0,0, 0, 0
450.soplex,450.soplex_400,1,7,0,0.142857,0.714286,1.28571,0.142857,0,1,0,0,1.14286,0, 0.142857, 0.428571
450.soplex,450.soplex_401,1,5,0,0,0.6,2,0,0,1,0,0,1.4,0, 0, 0.6
450.soplex,450.soplex_402,1,7,0,0.142857,0.714286,1.28571,0.142857,0,1,0,0,1.14286,0, 0.142857, 0.428571
450.soplex,450.soplex_403,1,6,0,0.166667,0.666667,1.33333,0.166667,0,1,0,0,1,0, 0.166667, 0.333333
450.soplex,450.soplex_404,1,7,0,0.142857,0.714286,1.28571,0.142857,0,1,0,0,1.14286,0, 0.142857, 0.428571
450.soplex,450.soplex_405,1,0,0,0,0,0,0,0,1,0,0,0,0, 0, 0
450.soplex,450.soplex_406,1,7,0,0.142857,0.714286,1.28571,0.142857,0,1,0,0,1.14286,0, 0.142857, 0.428571
450.soplex,450.soplex_407,1,0,0,0,0,0,0,0,1,0,0,0,0, 0, 0
450.soplex,450.soplex_408,1,7,0,0.142857,0.714286,1.28571,0.142857,0,1,0,0,1.14286,0, 0.142857, 0.428571
450.soplex,450.soplex_409,1,5,0,0,0.6,2,0,0,1,0,0,1.4,0, 0, 0.6
450.soplex,450.soplex_410,1,7,0,0.142857,0.714286,1.28571,0.142857,0,1,0,0,1.14286,0, 0.142857, 0.428571
450.soplex,450.soplex_411,1,6,0,0.166667,0.666667,1.33333,0.166667,0,1,0,0,1,0, 0.166667, 0.333333
450.soplex,450.soplex_412,1,7,0,0.142857,0.714286,1.28571,0.142857,0,1,0,0,1.14286,0, 0.142857, 0.428571
450.soplex,450.soplex_413,1,19,0,0.0526316,0.526316,1.94737,0.210526,0,1,0,0,1.47368,0, 0.105263, 0.315789
450.soplex,450.soplex_414,1,12,0,0.0833333,0.583333,1.75,0,0,1,0,0,1.33333,0, 0.0833333, 0.5
450.soplex,450.soplex_415,1,19,0,0.0526316,0.526316,1.94737,0.210526,0,1,0,0,1.47368,0, 0.105263, 0.315789
450.soplex,450.soplex_416,1,12,0,0.0833333,0.583333,1.75,0,0,1,0,0,1.33333,0, 0.0833333, 0.5
450.soplex,450.soplex_417,2,21,0.047619,0.142857,0.52381,1.85714,0,0.0952381,1,0,0,1.33333,0, 0.0952381, 0.428571
450.soplex,450.soplex_418,1,9,0,0.222222,0.444444,1.66667,0,0,1,0,0,1.11111,0, 0.222222, 0.222222
450.soplex,450.soplex_419,2,21,0.047619,0.142857,0.52381,1.85714,0,0.0952381,1,0,0,1.33333,0, 0.0952381, 0.428571
450.soplex,450.soplex_420,1,9,0,0.222222,0.444444,1.66667,0,0,1,0,0,1.11111,0, 0.222222, 0.222222
450.soplex,450.soplex_421,2,11,0,0.0909091,0.454545,2.18182,0.181818,0,1,0,0,1.27273,0, 0.0909091, 0.363636
450.soplex,450.soplex_422,2,21,0,0.142857,0.571429,1.57143,0.190476,0,1,0,0,1.14286,0, 0.0952381, 0.333333
450.soplex,450.soplex_423,2,1,0,1,0,3,0,0,1,0,0,1,0, 0, 0
450.soplex,450.soplex_424,3,48,0,0.145833,0.395833,1.70833,0.229167,0.0208333,1,0,1,1.10417,0, 0.0416667, 0.229167
450.soplex,450.soplex_425,2,12,0,0.166667,0.583333,1.58333,0.166667,0,1,0,1,1.16667,0, 0.166667, 0.25
450.soplex,450.soplex_426,3,1,0,1,0,3,0,0,1,0,0,1,0, 0, 0
450.soplex,450.soplex_427,2,259,0.011583,0.277992,0.397683,2.35907,0.015444,0.015444,1,0,0,1.05405,0, 0.119691, 0.27027
450.soplex,450.soplex_428,1,140,0,0.35,0.364286,2.12857,0.0785714,0.0142857,1,0,0,0.878571,0, 0.15, 0.135714
450.soplex,450.soplex_429,2,11,0,0.181818,0.454545,1.45455,0.181818,0.0909091,1,0,0,1,0, 0, 0.363636
450.soplex,450.soplex_430,2,0,0,0,0,0,0,0,1,0,0,0,0, 0, 0
450.soplex,450.soplex_431,1,35,0,0.2,0.485714,1.4,0.171429,0.0571429,1,0,0,1.02857,0, 0.0571429, 0.342857
450.soplex,450.soplex_432,1,13,0,0.0769231,0.692308,1.46154,0.153846,0,1,0,0,1.23077,0, 0.153846, 0.384615
450.soplex,450.soplex_433,1,10,0,0.2,0.5,1.4,0.2,0.1,1,0,0,1,0, 0, 0.4
450.soplex,450.soplex_434,1,10,0,0.2,0.5,1.4,0.2,0.1,1,0,0,1,0, 0, 0.4
450.soplex,450.soplex_435,1,8,0,0.125,0.875,1.375,0,0,1,0,0,1.125,0, 0.25, 0.5
450.soplex,450.soplex_436,1,7,0,0.285714,0.285714,1.57143,0.142857,0.142857,1,0,0,0.857143,0, 0, 0.285714
450.soplex,450.soplex_437,1,7,0,0.285714,0.285714,1.57143,0.142857,0.142857,1,0,0,0.857143,0, 0, 0.285714
450.soplex,450.soplex_438,1,7,0,0.285714,0.285714,1.57143,0.142857,0.142857,1,0,0,0.857143,0, 0, 0.285714
450.soplex,450.soplex_439,1,8,0,0.125,0.75,1.375,0.125,0,1,0,0,1.125,0, 0.125, 0.5
450.soplex,450.soplex_440,1,7,0,0.285714,0.285714,1.57143,0.142857,0.142857,1,0,0,0.857143,0, 0, 0.285714
450.soplex,450.soplex_441,1,53,0.0188679,0.226415,0.301887,2.56604,0.0566038,0.0377358,1,1,0,0.962264,0, 0, 0.301887
450.soplex,450.soplex_442,1,140,0.0142857,0.221429,0.342857,2.49286,0.0214286,0.0285714,1,1,0,1.07143,0, 0.0285714, 0.278571
450.soplex,450.soplex_443,1,149,0.0402685,0.194631,0.42953,1.83893,0.00671141,0.033557,1,1,0,1.08054,0, 0.0536913, 0.355705
450.soplex,450.soplex_444,1,231,0.0865801,0.177489,0.458874,1.75758,0.004329,0.025974,1,0,0,1.11255,0, 0.0519481, 0.393939
450.soplex,450.soplex_445,1,207,0.00966184,0.21256,0.42029,1.86473,0.0241546,0.0144928,1,1,0,1.01449,0, 0.057971, 0.328502
450.soplex,450.soplex_446,1,99,0.0909091,0.191919,0.434343,2.33333,0.020202,0.0707071,1,0,0,1.32323,0, 0, 0.373737
450.soplex,450.soplex_447,1,24,0.166667,0.166667,0.416667,2.20833,0,0.0833333,1,0,0,1.33333,0, 0, 0.375
450.soplex,450.soplex_448,2,9,0.111111,0.222222,0.333333,2.11111,0,0.111111,1,0,0,1.33333,0, 0.111111, 0.222222
450.soplex,450.soplex_449,2,9,0.111111,0.222222,0.333333,2.11111,0,0.111111,1,0,0,1.33333,0, 0.111111, 0.222222
450.soplex,450.soplex_450,1,40,0,0.225,0.5,2.1,0,0.025,1,0,0,1.3,0, 0.05, 0.375
450.soplex,450.soplex_451,3,27,0,0.037037,0.592593,2.2963,0,0,1,0,0,1.62963,0, 0, 0.481481
450.soplex,450.soplex_452,2,72,0.0138889,0.180556,0.430556,2,0.0972222,0.0277778,1,0,0,1.25,0, 0.0555556, 0.333333
450.soplex,450.soplex_453,1,26,0,0.307692,0.307692,1.69231,0.153846,0.0384615,1,0,0,0.846154,0, 0.0769231, 0.230769
450.soplex,450.soplex_454,1,48,0.145833,0.270833,0.416667,1.97917,0,0.0625,1,0,0,1.08333,0, 0.104167, 0.291667
450.soplex,450.soplex_455,1,16,0.0625,0.1875,0.625,2,0,0.0625,1,0,0,1.125,0, 0.0625, 0.3125
450.soplex,450.soplex_456,2,39,0.025641,0.0769231,0.641026,2.02564,0.0769231,0.025641,1,0,0,1.23077,0, 0.0769231, 0.307692
450.soplex,450.soplex_457,2,35,0.0285714,0.0857143,0.628571,2.05714,0.0571429,0.0285714,1,0,0,1.22857,0, 0.0857143, 0.285714
450.soplex,450.soplex_458,1,22,0,0.181818,0.545455,1.81818,0.0454545,0.0909091,1,0,0,1.04545,0, 0.0454545, 0.272727
450.soplex,450.soplex_459,2,16,0.0625,0.1875,0.625,2,0,0.0625,1,0,0,1.125,0, 0.0625, 0.3125
450.soplex,450.soplex_460,1,3,0,0.333333,0.666667,1.66667,0,0,1,0,0,0.666667,0, 0.666667, 0
450.soplex,450.soplex_461,1,67,0.0149254,0.0895522,0.567164,2.07463,0.0895522,0.0298507,1,0,0,1.23881,0, 0.0895522, 0.238806
450.soplex,450.soplex_462,1,26,0.0384615,0.115385,0.5,1.84615,0.115385,0.0384615,1,0,0,1.19231,0, 0.0769231, 0.307692
450.soplex,450.soplex_463,1,26,0.0384615,0.115385,0.5,1.84615,0.115385,0.0384615,1,0,0,1.19231,0, 0.0769231, 0.307692
450.soplex,450.soplex_464,1,22,0.0454545,0.136364,0.545455,1.72727,0.0909091,0.0454545,1,0,0,1.18182,0, 0.136364, 0.318182
450.soplex,450.soplex_465,2,16,0.125,0.125,0.4375,2.125,0.0625,0.0625,1,0,0,1.375,0, 0.0625, 0.375
450.soplex,450.soplex_466,1,54,0.111111,0.185185,0.462963,1.83333,0.0925926,0.0555556,1,0,0,1.2037,0, 0.148148, 0.314815
450.soplex,450.soplex_467,2,18,0.111111,0.111111,0.388889,2,0.166667,0.0555556,1,0,0,1.33333,0, 0.0555556, 0.333333
450.soplex,450.soplex_468,1,64,0.09375,0.15625,0.515625,1.85938,0.078125,0.046875,1,0,0,1.1875,0, 0.109375, 0.375
450.soplex,450.soplex_469,1,59,0.101695,0.152542,0.423729,1.91525,0.135593,0.0508475,1,0,0,1.23729,0, 0.0847458, 0.338983
450.soplex,450.soplex_470,1,63,0.0952381,0.142857,0.460317,1.85714,0.126984,0.047619,1,0,0,1.22222,0, 0.0793651, 0.380952
450.soplex,450.soplex_471,2,16,0.125,0.125,0.4375,2.125,0.0625,0.0625,1,0,0,1.375,0, 0.0625, 0.375
450.soplex,450.soplex_472,1,32,0.09375,0.15625,0.5625,1.71875,0.0625,0.0625,1,0,0,1.21875,0, 0.1875, 0.375
450.soplex,450.soplex_473,1,49,0.102041,0.22449,0.428571,1.83673,0.102041,0.0816327,1,0,0,1.10204,0, 0.102041, 0.326531
450.soplex,450.soplex_474,2,120,0.133333,0.15,0.533333,1.81667,0.0666667,0.0333333,1,0,0,1.13333,0, 0.0833333, 0.383333
450.soplex,450.soplex_475,2,366,0.136612,0.136612,0.52459,1.9071,0.0874317,0.0136612,1,0,0,1.12022,0, 0.0382514, 0.398907
450.soplex,450.soplex_476,1,181,0.0441989,0.149171,0.519337,2.03867,0.0939227,0.0331492,1,0,0,1.08287,0, 0.0607735, 0.364641
450.soplex,450.soplex_477,2,82,0.170732,0.121951,0.463415,1.7561,0.146341,0.0365854,1,0,0,1.12195,0, 0.0731707, 0.341463
450.soplex,450.soplex_478,2,35,0.0571429,0.114286,0.6,1.85714,0.114286,0.0285714,1,0,0,1.14286,0, 0.0571429, 0.428571
450.soplex,450.soplex_479,2,35,0.0571429,0.114286,0.6,1.85714,0.114286,0.0285714,1,0,0,1.14286,0, 0.0571429, 0.428571
450.soplex,450.soplex_480,2,68,0.102941,0.0735294,0.573529,1.94118,0.117647,0.0294118,1,0,0,1.22059,0, 0.0147059, 0.441176
450.soplex,450.soplex_481,1,217,0.0967742,0.124424,0.529954,1.90783,0.119816,0.0276498,1,0,0,1.12442,0, 0.0691244, 0.359447
450.soplex,450.soplex_482,2,199,0.0753769,0.125628,0.552764,1.98492,0.0954774,0.0251256,1,0,0,1.15075,0, 0.080402, 0.376884
450.soplex,450.soplex_483,3,68,0.102941,0.0735294,0.573529,1.94118,0.117647,0.0294118,1,0,0,1.22059,0, 0.0147059, 0.441176
450.soplex,450.soplex_484,2,318,0.100629,0.119497,0.544025,1.95283,0.100629,0.0220126,1,0,0,1.13836,0, 0.0786164, 0.36478
450.soplex,450.soplex_485,1,75,0,0.146667,0.4,2.34667,0.0933333,0.0266667,1,0,0,1.04,0, 0.08, 0.226667
450.soplex,450.soplex_486,1,9,0,0.111111,0.555556,1.88889,0,0,1,0,0,1.11111,0, 0, 0.444444
450.soplex,450.soplex_487,1,9,0,0.111111,0.555556,1.88889,0,0,1,0,0,1.11111,0, 0, 0.444444
450.soplex,450.soplex_488,1,5,0,0.2,0.6,2,0,0,1,0,0,1,0, 0.2, 0.2
450.soplex,450.soplex_489,1,5,0,0.2,0.6,2,0,0,1,0,0,1,0, 0.2, 0.2
450.soplex,450.soplex_490,2,14,0.0714286,0.0714286,0.642857,1.71429,0,0,1,0,0,1.28571,0, 0.0714286, 0.5
450.soplex,450.soplex_491,1,67,0.104478,0.0895522,0.641791,1.86567,0,0.0298507,1,0,0,1.20896,0, 0.0746269, 0.41791
450.soplex,450.soplex_492,2,14,0.0714286,0.0714286,0.642857,1.71429,0,0,1,0,0,1.28571,0, 0.0714286, 0.5
450.soplex,450.soplex_493,1,52,0.115385,0.115385,0.634615,1.78846,0,0.0384615,1,0,0,1.17308,0, 0.0961538, 0.423077
450.soplex,450.soplex_494,1,11,0.0909091,0.0909091,0.636364,1.72727,0,0,1,0,0,1.27273,0, 0.0909091, 0.454545
450.soplex,450.soplex_495,1,12,0.166667,0.0833333,0.583333,1.75,0,0,1,0,0,1.25,0, 0.0833333, 0.416667
450.soplex,450.soplex_496,1,20,0.15,0.15,0.55,1.7,0,0.05,1,0,0,1.15,0, 0.05, 0.45
450.soplex,450.soplex_497,1,19,0.105263,0.157895,0.578947,1.68421,0,0.0526316,1,0,0,1.15789,0, 0.0526316, 0.473684
450.soplex,450.soplex_498,1,21,0.190476,0.142857,0.52381,1.71429,0,0.047619,1,0,0,1.14286,0, 0.047619, 0.428571
450.soplex,450.soplex_499,1,20,0.15,0.15,0.55,1.7,0,0.05,1,0,0,1.15,0, 0.05, 0.45
450.soplex,450.soplex_500,1,17,0.117647,0.0588235,0.529412,1.64706,0.117647,0,1,0,0,1.23529,0, 0.0588235, 0.411765
450.soplex,450.soplex_501,1,17,0.117647,0.0588235,0.529412,1.64706,0.117647,0,1,0,0,1.23529,0, 0.0588235, 0.411765
450.soplex,450.soplex_502,1,120,0.0833333,0.1,0.5,1.81667,0.133333,0.0166667,1,1,0,1.21667,0, 0.0166667, 0.35
450.soplex,450.soplex_503,1,143,0.0699301,0.0979021,0.517483,1.78322,0.118881,0.027972,1,1,0,1.20979,0, 0.020979, 0.384615
450.soplex,450.soplex_504,1,143,0.0699301,0.0979021,0.517483,1.78322,0.118881,0.027972,1,1,0,1.20979,0, 0.020979, 0.384615
450.soplex,450.soplex_505,1,106,0.150943,0.113208,0.584906,1.59434,0.0471698,0.0471698,1,0,0,1.26415,0, 0.0754717, 0.443396
450.soplex,450.soplex_506,1,106,0.150943,0.113208,0.584906,1.59434,0.0471698,0.0471698,1,0,0,1.26415,0, 0.0754717, 0.443396
450.soplex,450.soplex_507,1,122,0.131148,0.114754,0.590164,1.54918,0.057377,0.0491803,1,0,0,1.2623,0, 0.0655738, 0.467213
450.soplex,450.soplex_508,1,122,0.131148,0.114754,0.590164,1.54918,0.057377,0.0491803,1,0,0,1.2623,0, 0.0655738, 0.467213
450.soplex,450.soplex_509,1,57,0.105263,0.105263,0.526316,1.78947,0.105263,0.0350877,1,0,0,1.26316,0, 0.0701754, 0.350877
450.soplex,450.soplex_510,1,59,0.135593,0.101695,0.508475,1.79661,0.101695,0.0338983,1,0,0,1.25424,0, 0.0677966, 0.338983
450.soplex,450.soplex_511,1,163,0.116564,0.128834,0.509202,1.73006,0.116564,0.0245399,1,0,0,1.20859,0, 0.0674847, 0.337423
450.soplex,450.soplex_512,1,53,0.113208,0.113208,0.528302,1.88679,0.0754717,0.0377358,1,0,0,1.28302,0, 0.0754717, 0.339623
450.soplex,450.soplex_513,1,53,0.113208,0.113208,0.528302,1.88679,0.0754717,0.0377358,1,0,0,1.28302,0, 0.0754717, 0.339623
450.soplex,450.soplex_514,1,150,0.106667,0.126667,0.513333,1.8,0.106667,0.0266667,1,0,0,1.23333,0, 0.06, 0.333333
450.soplex,450.soplex_515,1,130,0.192308,0.107692,0.492308,1.8,0.0846154,0.0230769,1,1,0,1.23077,0, 0.0615385, 0.323077
450.soplex,450.soplex_516,1,115,0.121739,0.121739,0.53913,1.7913,0.0869565,0.026087,1,1,0,1.23478,0, 0.0695652, 0.347826
450.soplex,450.soplex_517,1,157,0.127389,0.127389,0.535032,1.74522,0.0955414,0.0254777,1,0,0,1.21656,0, 0.0636943, 0.350318
450.soplex,450.soplex_518,1,157,0.127389,0.127389,0.535032,1.74522,0.0955414,0.0254777,1,0,0,1.21656,0, 0.0636943, 0.350318
450.soplex,450.soplex_519,2,57,0,0.0526316,0.508772,1.63158,0.22807,0.0175439,1,1,0,1.21053,0, 0.0526316, 0.263158
450.soplex,450.soplex_520,2,55,0,0.0545455,0.472727,1.67273,0.236364,0.0181818,1,1,0,1.21818,0, 0.0363636, 0.236364
450.soplex,450.soplex_521,1,253,0.0237154,0.114625,0.29249,1.88538,0.142292,0.0118577,1,1,0,1.09486,0, 0, 0.181818
450.soplex,450.soplex_522,1,25,0,0.12,0.32,1.84,0.24,0,1,0,0,1.28,0, 0.04, 0.2
450.soplex,450.soplex_523,1,27,0,0.222222,0.481481,2.25926,0.0740741,0,1,0,0,1.11111,0, 0.111111, 0.37037
450.soplex,450.soplex_524,1,25,0,0.12,0.32,1.84,0.24,0,1,0,0,1.28,0, 0.04, 0.2
450.soplex,450.soplex_525,1,26,0.0384615,0.115385,0.307692,1.84615,0.230769,0,1,0,0,1.26923,0, 0.0384615, 0.192308
450.soplex,450.soplex_526,1,25,0,0.12,0.32,1.84,0.24,0,1,0,0,1.28,0, 0.04, 0.2
450.soplex,450.soplex_527,1,27,0.037037,0.111111,0.37037,1.85185,0.222222,0,1,0,0,1.25926,0, 0.037037, 0.222222
450.soplex,450.soplex_528,1,27,0,0.222222,0.481481,2.25926,0.0740741,0,1,0,0,1.11111,0, 0.111111, 0.37037
450.soplex,450.soplex_529,1,6,0,0.166667,0.5,1.83333,0.166667,0,1,1,0,1,0, 0.166667, 0.166667
450.soplex,450.soplex_530,1,6,0,0.166667,0.5,1.83333,0.166667,0,1,1,0,1,0, 0.166667, 0.166667
450.soplex,450.soplex_531,1,59,0.0338983,0.0677966,0.474576,1.9322,0.152542,0.0169492,1,1,0,1.22034,0, 0.0677966, 0.237288
450.soplex,450.soplex_532,1,13,0.0769231,0.0769231,0.461538,1.84615,0.153846,0,1,0,0,1.15385,0, 0.0769231, 0.230769
450.soplex,450.soplex_533,1,6,0,0.166667,0.5,1.83333,0.166667,0,1,0,0,1,0, 0.166667, 0.166667
450.soplex,450.soplex_534,1,21,0.0952381,0.047619,0.380952,1.7619,0.238095,0,1,0,0,1.14286,0, 0.047619, 0.190476
450.soplex,450.soplex_535,1,0,0,0,0,0,0,0,1,2,0,0,0, 0, 0
450.soplex,450.soplex_536,1,0,0,0,0,0,0,0,1,2,0,0,0, 0, 0
450.soplex,450.soplex_537,1,0,0,0,0,0,0,0,1,2,0,0,0, 0, 0
450.soplex,450.soplex_538,1,0,0,0,0,0,0,0,1,2,0,0,0, 0, 0
450.soplex,450.soplex_539,1,61,0.147541,0.0983607,0.622951,1.45902,0.114754,0.0327869,1,294,0,1.22951,0, 0.0819672, 0.42623
450.soplex,450.soplex_540,1,42,0.142857,0.119048,0.642857,1.45238,0.0952381,0.047619,1,296,0,1.21429,0, 0.0952381, 0.452381
450.soplex,450.soplex_541,1,64,0.140625,0.09375,0.59375,1.59375,0.109375,0.03125,1,172,0,1.23438,0, 0.09375, 0.375
450.soplex,450.soplex_542,1,61,0.147541,0.0983607,0.622951,1.5082,0.0983607,0.0327869,1,172,0,1.22951,0, 0.0983607, 0.409836
450.soplex,450.soplex_543,1,48,0.125,0.104167,0.625,1.54167,0.104167,0.0416667,1,177,0,1.22917,0, 0.0833333, 0.4375
450.soplex,450.soplex_544,1,48,0.125,0.104167,0.625,1.54167,0.104167,0.0416667,1,177,0,1.22917,0, 0.0833333, 0.4375
450.soplex,450.soplex_545,1,6,0,0.166667,0.5,1.83333,0.166667,0,1,0,0,1,0, 0.166667, 0.166667
450.soplex,450.soplex_546,1,6,0,0.166667,0.5,1.83333,0.166667,0,1,0,0,1,0, 0.166667, 0.166667
450.soplex,450.soplex_547,1,23,0,0.130435,0.565217,1.6087,0.173913,0.0434783,1,0,0,1.13043,0, 0.0434783, 0.347826
450.soplex,450.soplex_548,1,23,0,0.130435,0.565217,1.6087,0.173913,0.0434783,1,0,0,1.13043,0, 0.0434783, 0.347826
450.soplex,450.soplex_549,1,11,0.0909091,0.181818,0.363636,1.90909,0.181818,0.0909091,1,0,0,1.09091,0, 0, 0.181818
450.soplex,450.soplex_550,1,11,0.0909091,0.181818,0.363636,1.90909,0.181818,0.0909091,1,0,0,1.09091,0, 0, 0.181818
450.soplex,450.soplex_551,1,41,0.097561,0.097561,0.390244,2.56098,0.121951,0.0243902,1,0,0,1.17073,0, 0.0243902, 0.243902
450.soplex,450.soplex_552,2,46,0.0434783,0.0869565,0.695652,1.34783,0.173913,0.0434783,1,0,0,1.21739,0, 0.0434783, 0.478261
450.soplex,450.soplex_553,2,62,0.0967742,0.0806452,0.5,1.79032,0.193548,0.0322581,1,0,0,1.29032,0, 0.016129, 0.419355
450.soplex,450.soplex_554,1,16,0,0.25,0.3125,1.875,0.1875,0.0625,1,0,0,0.9375,0, 0.125, 0.1875
450.soplex,450.soplex_555,1,58,0.0689655,0.0862069,0.482759,1.86207,0.206897,0.0344828,1,0,0,1.24138,0, 0.0172414, 0.396552
450.soplex,450.soplex_556,1,39,0.025641,0.205128,0.461538,1.79487,0.128205,0.025641,1,1,0,1.10256,0, 0.102564, 0.307692
450.soplex,450.soplex_557,1,60,0.0333333,0.166667,0.466667,2.15,0.0166667,0.0333333,1,1,0,1.2,0, 0.0833333, 0.366667
450.soplex,450.soplex_558,1,43,0.0232558,0.232558,0.395349,1.86047,0.116279,0.0232558,1,1,0,1.06977,0, 0.0697674, 0.27907
450.soplex,450.soplex_559,1,41,0.0243902,0.243902,0.463415,2.17073,0.0243902,0.0243902,1,1,0,1.12195,0, 0.097561, 0.341463
450.soplex,450.soplex_560,1,21,0,0.190476,0.190476,2.04762,0.190476,0,1,1,0,1.33333,0, 0, 0.142857
450.soplex,450.soplex_561,1,21,0,0.190476,0.190476,2.04762,0.190476,0,1,1,0,1.33333,0, 0, 0.142857
450.soplex,450.soplex_562,1,13,0,0.0769231,0.538462,1.84615,0.153846,0,1,2,0,1.23077,0, 0.0769231, 0.307692
450.soplex,450.soplex_563,1,80,0.1625,0.0375,0.525,1.6875,0.125,0.0125,1,0,0,1.3125,0, 0.1, 0.3625
450.soplex,450.soplex_564,1,66,0.136364,0.0454545,0.545455,1.74242,0.121212,0.0151515,1,0,0,1.28788,0, 0.0909091, 0.363636
450.soplex,450.soplex_565,2,0,0,0,0,0,0,0,1,0,0,0,0, 0, 0
450.soplex,450.soplex_566,1,32,0.125,0.09375,0.53125,1.65625,0.09375,0.03125,1,0,0,1.21875,0, 0.15625, 0.34375
450.soplex,450.soplex_567,1,0,0,0,0,0,0,0,1,0,0,0,0, 0, 0
450.soplex,450.soplex_568,1,37,0,0.108108,0.432432,1.89189,0.216216,0.027027,1,0,0,1.18919,0, 0.0540541, 0.216216
450.soplex,450.soplex_569,1,38,0.0526316,0.0263158,0.421053,1.60526,0.263158,0,1,0,0,1.23684,0, 0.0263158, 0.263158
450.soplex,450.soplex_570,1,19,0.0526316,0.0526316,0.526316,1.63158,0.210526,0,1,0,0,1.21053,0, 0.0526316, 0.315789
450.soplex,450.soplex_571,1,35,0.171429,0.142857,0.571429,1.6,0.0857143,0.0285714,1,0,0,1.2,0, 0.114286, 0.371429
450.soplex,450.soplex_572,1,103,0.135922,0.116505,0.475728,1.82524,0.126214,0.0194175,1,0,0,1.20388,0, 0.0679612, 0.330097
450.soplex,450.soplex_573,1,103,0.135922,0.116505,0.475728,1.82524,0.126214,0.0194175,1,0,0,1.20388,0, 0.0679612, 0.330097
450.soplex,450.soplex_574,1,23,0,0.130435,0.565217,1.6087,0.173913,0.0434783,1,0,0,1.13043,0, 0.0434783, 0.347826
450.soplex,450.soplex_575,1,23,0,0.130435,0.565217,1.6087,0.173913,0.0434783,1,0,0,1.13043,0, 0.0434783, 0.347826
450.soplex,450.soplex_576,1,23,0,0.130435,0.565217,1.6087,0.173913,0.0434783,1,0,0,1.13043,0, 0.0434783, 0.347826
450.soplex,450.soplex_577,1,23,0,0.130435,0.565217,1.6087,0.173913,0.0434783,1,0,0,1.13043,0, 0.0434783, 0.347826
450.soplex,450.soplex_578,1,12,0,0.166667,0.5,2.58333,0,0.0833333,1,1,0,1.33333,0, 0, 0.416667
450.soplex,450.soplex_579,1,11,0,0.272727,0.272727,2.54545,0,0.0909091,1,1,0,1.27273,0, 0, 0.272727
450.soplex,450.soplex_580,1,12,0,0.166667,0.5,2.66667,0,0.0833333,1,0,0,1.41667,0, 0, 0.416667
450.soplex,450.soplex_581,1,11,0,0.272727,0.272727,2.45455,0,0.0909091,1,0,0,1.18182,0, 0, 0.272727
450.soplex,450.soplex_582,2,34,0.0588235,0.117647,0.588235,2.08824,0,0.0882353,1,487,0,1.29412,0, 0.147059, 0.411765
450.soplex,450.soplex_583,2,33,0.151515,0.121212,0.545455,2.12121,0,0.0606061,1,491,0,1.24242,0, 0.121212, 0.363636
450.soplex,450.soplex_584,1,98,0,0.204082,0.428571,2.34694,0.0204082,0.0408163,1,1,0,1.18367,0, 0.112245, 0.285714
450.soplex,450.soplex_585,1,3,0,0,0.666667,3,0,0,1,1,0,1.33333,0, 0, 0.333333
450.soplex,450.soplex_586,2,16,0,0.0625,0.4375,2.5,0.0625,0.0625,1,0,0,1.5,0, 0.125, 0.3125
450.soplex,450.soplex_587,2,16,0,0.0625,0.4375,2.5,0.0625,0.0625,1,1,0,1.5,0, 0.125, 0.3125
450.soplex,450.soplex_588,1,62,0.016129,0.16129,0.419355,2.22581,0.0645161,0.0483871,1,1,0,1.25806,0, 0.0645161, 0.354839
450.soplex,450.soplex_589,1,3,0,0,0.666667,2.33333,0,0,1,1,0,1.33333,0, 0, 0.666667
450.soplex,450.soplex_590,1,3,0,0,0.666667,2.33333,0,0,1,1,0,1.33333,0, 0, 0.666667
450.soplex,450.soplex_591,1,107,0.149533,0.121495,0.523364,1.82243,0.00934579,0.0186916,1,0,0,1.20561,0, 0.0934579, 0.35514
450.soplex,450.soplex_592,1,159,0.169811,0.100629,0.540881,1.77987,0.0125786,0.0125786,1,0,0,1.24528,0, 0.106918, 0.36478
450.soplex,450.soplex_593,1,146,0.205479,0.109589,0.520548,1.80137,0.00684932,0.0136986,1,1,0,1.21918,0, 0.10274, 0.349315
450.soplex,450.soplex_594,1,148,0.189189,0.108108,0.52027,1.78378,0.0135135,0.0135135,1,1,0,1.22973,0, 0.0945946, 0.358108
450.soplex,450.soplex_595,1,40,0.125,0.175,0.45,1.775,0,0.05,1,1,0,1.175,0, 0.05, 0.4
450.soplex,450.soplex_596,1,40,0.125,0.175,0.45,1.775,0,0.05,1,1,0,1.175,0, 0.05, 0.4
450.soplex,450.soplex_597,1,77,0.025974,0.0779221,0.727273,1.45455,0.103896,0.025974,1,578,0,1.25974,0, 0.181818, 0.441558
450.soplex,450.soplex_598,1,12,0,0.25,0.333333,1.66667,0.166667,0.0833333,1,7,0,1.08333,0, 0, 0.25
450.soplex,450.soplex_599,1,16,0,0.0625,0.625,1.5,0.3125,0,1,3649,0,1.0625,0, 0.0625, 0.25
450.soplex,450.soplex_600,1,52,0.0192308,0.115385,0.576923,1.61538,0.25,0.0192308,1,107,0,1.05769,0, 0.0576923, 0.25
450.soplex,450.soplex_601,1,15,0.0666667,0.0666667,0.6,1.6,0.133333,0,1,0,0,1.26667,0, 0.0666667, 0.4
450.soplex,450.soplex_602,1,15,0.0666667,0.0666667,0.6,1.6,0.133333,0,1,0,0,1.26667,0, 0.0666667, 0.4
450.soplex,450.soplex_603,1,12,0.0833333,0.0833333,0.583333,1.58333,0.166667,0,1,0,0,1.25,0, 0.0833333, 0.333333
450.soplex,450.soplex_604,1,25,0.04,0.12,0.6,1.52,0.2,0.04,1,0,0,1.12,0, 0.08, 0.32
450.soplex,450.soplex_605,1,35,0.0571429,0.0285714,0.628571,1.48571,0.285714,0,1,469,0,1.17143,0, 0.0285714, 0.314286
450.soplex,450.soplex_606,1,27,0,0.148148,0.740741,1.48148,0.0740741,0,1,0,0,1.11111,0, 0.148148, 0.444444
450.soplex,450.soplex_607,1,68,0.0588235,0.132353,0.617647,1.57353,0.102941,0.0147059,1,0,0,1.19118,0, 0.102941, 0.397059
450.soplex,450.soplex_608,1,18,0.111111,0.0555556,0.722222,1.5,0.111111,0,1,0,0,1.22222,0, 0.0555556, 0.444444
450.soplex,450.soplex_609,1,19,0,0.0526316,0.684211,1.52632,0.210526,0,1,0,0,1.21053,0, 0.105263, 0.368421
450.soplex,450.soplex_610,1,50,0,0.06,0.64,1.58,0.26,0,1,0,0,1.12,0, 0.06, 0.3
450.soplex,450.soplex_611,1,19,0,0.0526316,0.684211,1.52632,0.210526,0,1,184,0,1.21053,0, 0.105263, 0.368421
450.soplex,450.soplex_612,1,85,0.0117647,0.0705882,0.635294,1.55294,0.258824,0.0117647,1,285,0,1.09412,0, 0.0588235, 0.305882
450.soplex,450.soplex_613,1,47,0,0.0851064,0.638298,1.6383,0.191489,0,1,935,0,1.17021,0, 0.12766, 0.297872
450.soplex,450.soplex_614,1,17,0.0588235,0.0588235,0.823529,1.58824,0.0588235,0,1,75,0,1.23529,0, 0.176471, 0.411765
450.soplex,450.soplex_615,1,25,0,0.16,0.72,1.48,0.08,0,1,284,0,1.08,0, 0.12, 0.44
450.soplex,450.soplex_616,2,37,0.108108,0.0810811,0.72973,1.56757,0.0540541,0.0540541,1,5062,0,1.21622,0, 0.162162, 0.432432
450.soplex,450.soplex_617,1,21,0,0.047619,0.761905,1.57143,0.047619,0,1,284,0,1.28571,0, 0.238095, 0.428571
450.soplex,450.soplex_618,1,26,0.0769231,0.0384615,0.769231,1.53846,0.0769231,0.0384615,1,284,0,1.23077,0, 0.153846, 0.461538
450.soplex,450.soplex_619,2,15,0.133333,0.0666667,0.733333,1.53333,0.0666667,0,1,7435,0,1.2,0, 0.0666667, 0.466667
450.soplex,450.soplex_620,1,23,0,0.0869565,0.695652,1.47826,0.0869565,0,1,107,0,1.21739,0, 0.173913, 0.434783
450.soplex,450.soplex_621,1,26,0,0.0769231,0.576923,1.69231,0.192308,0,1,0,0,1.23077,0, 0.0769231, 0.346154
450.soplex,450.soplex_622,1,15,0.133333,0.0666667,0.733333,1.53333,0.0666667,0,1,0,0,1.2,0, 0.0666667, 0.466667
450.soplex,450.soplex_623,2,0,0,0,0,0,0,0,1,0,0,0,0, 0, 0
450.soplex,450.soplex_624,2,15,0.133333,0.0666667,0.733333,1.53333,0.0666667,0,1,0,0,1.2,0, 0.0666667, 0.466667
450.soplex,450.soplex_625,1,44,0,0.113636,0.613636,1.61364,0.113636,0.0227273,1,0,0,1.18182,0, 0.159091, 0.363636
450.soplex,450.soplex_626,1,17,0.0588235,0.176471,0.470588,1.76471,0.117647,0.117647,1,0,0,1.11765,0, 0.0588235, 0.294118
450.soplex,450.soplex_627,1,0,0,0,0,0,0,0,1,0,0,0,0, 0, 0
450.soplex,450.soplex_628,1,0,0,0,0,0,0,0,1,0,0,0,0, 0, 0
450.soplex,450.soplex_629,1,0,0,0,0,0,0,0,1,0,0,0,0, 0, 0
450.soplex,450.soplex_630,1,12,0,0.25,0.666667,1.58333,0,0.0833333,1,0,0,0.916667,0, 0, 0.5
450.soplex,450.soplex_631,2,1,0,1,0,1,0,0,1,0,0,0,0, 0, 0
450.soplex,450.soplex_632,1,21,0,0.238095,0.428571,1.85714,0.190476,0.047619,1,0,0,0.952381,0, 0, 0.285714
450.soplex,450.soplex_633,1,0,0,0,0,0,0,0,1,0,0,0,0, 0, 0
450.soplex,450.soplex_634,1,26,0.153846,0.230769,0.576923,1.65385,0,0.0384615,1,487,0,0.961538,0, 0, 0.423077
450.soplex,450.soplex_635,1,26,0.153846,0.230769,0.576923,1.65385,0,0.0384615,1,0,0,0.961538,0, 0, 0.423077
450.soplex,450.soplex_636,1,0,0,0,0,0,0,0,1,0,0,0,0, 0, 0
450.soplex,450.soplex_637,1,0,0,0,0,0,0,0,1,0,0,0,0, 0, 0
450.soplex,450.soplex_638,1,22,0.0454545,0.0909091,0.727273,1.77273,0,0.0454545,1,0,0,1.22727,0, 0.181818, 0.409091
450.soplex,450.soplex_639,1,0,0,0,0,0,0,0,1,2089,0,0,0, 0, 0
450.soplex,450.soplex_640,1,46,0.0434783,0.195652,0.391304,1.84783,0,0.0652174,1,0,0,1.06522,0, 0.0217391, 0.369565
450.soplex,450.soplex_641,2,26,0,0.115385,0.692308,1.80769,0.115385,0.0769231,1,0,0,1.11538,0, 0, 0.346154
450.soplex,450.soplex_642,1,3,0,0.666667,0.333333,1.33333,0,0,1,0,0,0.333333,0, 0.333333, 0
450.soplex,450.soplex_643,1,32,0,0.03125,0.59375,1.53125,0.21875,0,1,1,0,1.21875,0, 0.09375, 0.40625
450.soplex,450.soplex_644,1,12,0,0.0833333,0.5,1.58333,0.166667,0,1,0,0,1.25,0, 0, 0.333333
450.soplex,450.soplex_645,1,9,0,0.111111,0.555556,1.44444,0.111111,0,1,0,0,1.22222,0, 0.111111, 0.333333
450.soplex,450.soplex_646,1,8,0,0.125,0.5,1.75,0.125,0,1,0,0,1.375,0, 0, 0.375
450.soplex,450.soplex_647,1,10,0,0.1,0.4,1.9,0,0,1,0,0,1.3,0, 0, 0.4
450.soplex,450.soplex_648,1,8,0,0.125,0.5,1.625,0,0,1,0,0,1.25,0, 0.125, 0.375
450.soplex,450.soplex_649,1,0,0,0,0,0,0,0,1,0,0,0,0, 0, 0
450.soplex,450.soplex_650,1,0,0,0,0,0,0,0,1,1476,0,0,0, 0, 0
450.soplex,450.soplex_651,1,57,0,0.140351,0.438596,1.75439,0.0877193,0.0526316,1,0,0,1.14035,0, 0.0526316, 0.298246
450.soplex,450.soplex_652,1,58,0,0.0689655,0.655172,1.58621,0.189655,0.0172414,1,0,0,1.15517,0, 0.0517241, 0.344828
450.soplex,450.soplex_653,1,47,0,0.12766,0.638298,1.6383,0.12766,0.0425532,1,0,0,1.12766,0, 0.12766, 0.319149
450.soplex,450.soplex_654,1,0,0,0,0,0,0,0,1,0,0,0,0, 0, 0
450.soplex,450.soplex_655,1,7,0,0.142857,0.714286,1.28571,0.142857,0,1,0,0,1.14286,0, 0.142857, 0.428571
450.soplex,450.soplex_656,1,0,0,0,0,0,0,0,1,0,0,0,0, 0, 0
450.soplex,450.soplex_657,1,7,0,0.142857,0.714286,1.28571,0.142857,0,1,0,0,1.14286,0, 0.142857, 0.428571
450.soplex,450.soplex_658,1,16,0,0.1875,0.4375,1.5,0.125,0.0625,1,20,0,1.0625,0, 0.0625, 0.3125
450.soplex,450.soplex_659,1,0,0,0,0,0,0,0,1,21,0,0,0, 0, 0
450.soplex,450.soplex_660,2,15,0,0.0666667,0.333333,1.66667,0.333333,0,1,0,0,1.2,0, 0, 0.266667
450.soplex,450.soplex_661,1,35,0,0.114286,0.428571,1.6,0.171429,0.0285714,1,0,0,1.2,0, 0.114286, 0.314286
450.soplex,450.soplex_662,1,33,0,0.151515,0.333333,1.72727,0.212121,0.0606061,1,0,0,1.12121,0, 0.030303, 0.212121
450.soplex,450.soplex_663,1,18,0,0.111111,0.611111,1.66667,0.222222,0.0555556,1,0,0,1.11111,0, 0, 0.333333
450.soplex,450.soplex_664,1,25,0,0.2,0.4,1.72,0,0.04,1,0,0,1.12,0, 0, 0.4
450.soplex,450.soplex_665,1,31,0,0.0322581,0.419355,1.67742,0.258065,0,1,0,0,1.22581,0, 0.0322581, 0.290323
450.soplex,450.soplex_666,1,0,0,0,0,0,0,0,1,0,0,0,0, 0, 0
450.soplex,450.soplex_667,1,13,0,0.0769231,0.692308,1.61538,0.153846,0,1,0,0,1.15385,0, 0, 0.384615
450.soplex,450.soplex_668,1,15,0,0.0666667,0.6,1.73333,0.266667,0,1,0,0,1.13333,0, 0, 0.333333
450.soplex,450.soplex_669,1,1,0,1,0,1,0,0,1,0,0,0,0, 0, 0
450.soplex,450.soplex_670,1,16,0,0.1875,0.4375,1.5,0.125,0.0625,1,20,0,1.0625,0, 0.0625, 0.3125
450.soplex,450.soplex_671,1,0,0,0,0,0,0,0,1,0,0,0,0, 0, 0
450.soplex,450.soplex_672,1,45,0.0444444,0.0666667,0.711111,1.51111,0.111111,0.0222222,1,0,0,1.24444,0, 0.155556, 0.4
450.soplex,450.soplex_673,1,27,0.037037,0.037037,0.740741,1.37037,0.148148,0,1,0,0,1.25926,0, 0.148148, 0.444444
450.soplex,450.soplex_674,1,40,0.05,0.075,0.7,1.525,0.1,0.025,1,0,0,1.25,0, 0.15, 0.4
450.soplex,450.soplex_675,1,22,0.0454545,0.0454545,0.727273,1.36364,0.136364,0,1,0,0,1.27273,0, 0.136364, 0.454545
450.soplex,450.soplex_676,1,0,0,0,0,0,0,0,1,0,0,0,0, 0, 0
450.soplex,450.soplex_677,1,12,0.0833333,0.0833333,0.666667,1.58333,0.0833333,0,1,0,0,1.25,0, 0.0833333, 0.416667
450.soplex,450.soplex_678,1,14,0.0714286,0.0714286,0.642857,1.64286,0.0714286,0,1,0,0,1.28571,0, 0.0714286, 0.428571
450.soplex,450.soplex_679,1,12,0.0833333,0.0833333,0.666667,1.58333,0.0833333,0,1,0,0,1.25,0, 0.0833333, 0.416667
450.soplex,450.soplex_680,1,14,0.0714286,0.0714286,0.642857,1.64286,0.0714286,0,1,0,0,1.28571,0, 0.0714286, 0.428571
450.soplex,450.soplex_681,1,10,0.1,0.1,0.7,1.5,0.1,0,1,3,0,1.2,0, 0.1, 0.4
450.soplex,450.soplex_682,1,22,0.181818,0.272727,0.5,1.40909,0,0.0454545,1,1,0,0.954545,0, 0, 0.5
450.soplex,450.soplex_683,1,7,0,0.142857,0.428571,1.85714,0,0,1,0,0,1.14286,0, 0, 0.428571
450.soplex,450.soplex_684,1,0,0,0,0,0,0,0,1,497,0,0,0, 0, 0
450.soplex,450.soplex_685,2,17,0.117647,0.0588235,0.764706,1.47059,0.0588235,0,1,293,0,1.29412,0, 0.176471, 0.411765
450.soplex,450.soplex_686,1,71,0.0704225,0.028169,0.690141,1.38028,0.183099,0.0140845,1,175,0,1.28169,0, 0.140845, 0.408451
450.soplex,450.soplex_687,2,50,0.12,0.02,0.68,1.42,0.16,0.02,1,71,0,1.3,0, 0.14, 0.4
450.soplex,450.soplex_688,1,40,0,0.1,0.7,1.4,0.15,0,1,175,0,1.225,0, 0.125, 0.425
450.soplex,450.soplex_689,2,29,0.137931,0.0344828,0.758621,1.41379,0.0689655,0,1,1035,0,1.31034,0, 0.137931, 0.482759
450.soplex,450.soplex_690,1,111,0.0900901,0.018018,0.675676,1.38739,0.189189,0.00900901,1,294,0,1.28829,0, 0.135135, 0.405405
450.soplex,450.soplex_691,2,44,0.136364,0.0227273,0.681818,1.45455,0.136364,0.0227273,1,11643,0,1.31818,0, 0.181818, 0.386364
450.soplex,450.soplex_692,2,44,0.136364,0.0227273,0.681818,1.45455,0.136364,0.0227273,1,81,0,1.31818,0, 0.181818, 0.386364
450.soplex,450.soplex_693,2,80,0.15,0.0125,0.6625,1.4375,0.15,0.0125,1,982,0,1.325,0, 0.1625, 0.4
450.soplex,450.soplex_694,1,92,0,0.130435,0.673913,1.42391,0.130435,0,1,294,0,1.19565,0, 0.130435, 0.413043
450.soplex,450.soplex_695,2,0,0,0,0,0,0,0,1,128,0,0,0, 0, 0
450.soplex,450.soplex_696,1,75,0.0133333,0.0533333,0.746667,1.4,0.16,0,1,18,0,1.26667,0, 0.133333, 0.44
450.soplex,450.soplex_697,2,65,0.123077,0.0769231,0.676923,1.52308,0.0923077,0.0153846,1,11396,0,1.27692,0, 0.153846, 0.415385
450.soplex,450.soplex_698,1,84,0.0357143,0.047619,0.714286,1.44048,0.166667,0.0119048,1,469,0,1.28571,0, 0.130952, 0.428571
450.soplex,450.soplex_699,1,47,0,0.170213,0.638298,1.44681,0.0851064,0.0425532,1,29444,0,1.17021,0, 0.12766, 0.425532
450.soplex,450.soplex_700,1,25,0,0.08,0.68,1.44,0.12,0.04,1,43015,0,1.24,0, 0.12, 0.44
450.soplex,450.soplex_701,2,0,0,0,0,0,0,0,1,20792,0,0,0, 0, 0
450.soplex,450.soplex_702,1,67,0.0149254,0.0597015,0.746269,1.38806,0.164179,0,1,256,0,1.25373,0, 0.119403, 0.447761
450.soplex,450.soplex_703,2,65,0.123077,0.0769231,0.676923,1.52308,0.0923077,0.0153846,1,15040,0,1.27692,0, 0.153846, 0.415385
450.soplex,450.soplex_704,1,77,0.038961,0.0519481,0.714286,1.42857,0.168831,0.012987,1,294,0,1.27273,0, 0.116883, 0.441558
450.soplex,450.soplex_705,2,0,0,0,0,0,0,0,1,0,0,0,0, 0, 0
450.soplex,450.soplex_706,2,0,0,0,0,0,0,0,1,0,0,0,0, 0, 0
450.soplex,450.soplex_707,2,0,0,0,0,0,0,0,1,0,0,0,0, 0, 0
450.soplex,450.soplex_708,1,157,0.0127389,0.0764331,0.726115,1.40764,0.152866,0,1,0,0,1.24204,0, 0.127389, 0.433121
450.soplex,450.soplex_709,2,63,0.126984,0.0793651,0.666667,1.52381,0.0952381,0.015873,1,0,0,1.26984,0, 0.142857, 0.412698
450.soplex,450.soplex_710,2,65,0.123077,0.0769231,0.676923,1.52308,0.0923077,0.0153846,1,0,0,1.27692,0, 0.153846, 0.415385
450.soplex,450.soplex_711,2,119,0.134454,0.0840336,0.647059,1.5042,0.10084,0.00840336,1,0,0,1.2605,0, 0.12605, 0.428571
450.soplex,450.soplex_712,1,201,0.0199005,0.119403,0.661692,1.47264,0.124378,0.0199005,1,0,0,1.21891,0, 0.119403, 0.41791
450.soplex,450.soplex_713,2,44,0.136364,0.0227273,0.681818,1.45455,0.136364,0.0227273,1,0,0,1.31818,0, 0.181818, 0.386364
450.soplex,450.soplex_714,1,40,0,0.1,0.7,1.4,0.15,0,1,0,0,1.225,0, 0.125, 0.425
450.soplex,450.soplex_715,2,17,0.117647,0.0588235,0.764706,1.47059,0.0588235,0,1,0,0,1.29412,0, 0.176471, 0.411765
450.soplex,450.soplex_716,1,38,0.0263158,0.105263,0.684211,1.39474,0.157895,0.0263158,1,0,0,1.21053,0, 0.131579, 0.394737
450.soplex,450.soplex_717,1,41,0,0.097561,0.731707,1.46341,0.121951,0,1,175,0,1.2439,0, 0.146341, 0.439024
450.soplex,450.soplex_718,1,31,0,0.129032,0.677419,1.45161,0.129032,0,1,0,0,1.19355,0, 0.0967742, 0.451613
450.soplex,450.soplex_719,1,45,0.0666667,0.155556,0.622222,1.46667,0.111111,0.0444444,1,283,0,1.17778,0, 0.0666667, 0.444444
450.soplex,450.soplex_720,1,41,0,0.097561,0.731707,1.46341,0.121951,0,1,294,0,1.2439,0, 0.146341, 0.439024
450.soplex,450.soplex_721,1,31,0,0.129032,0.677419,1.45161,0.129032,0,1,0,0,1.19355,0, 0.0967742, 0.451613
450.soplex,450.soplex_722,1,45,0.0666667,0.155556,0.622222,1.46667,0.111111,0.0444444,1,0,0,1.17778,0, 0.0666667, 0.444444
450.soplex,450.soplex_723,2,64,0.125,0.09375,0.65625,1.51562,0.09375,0.015625,1,2869,0,1.25,0, 0.140625, 0.40625
450.soplex,450.soplex_724,1,77,0.012987,0.038961,0.766234,1.44156,0.142857,0,1,466,0,1.31169,0, 0.168831, 0.441558
450.soplex,450.soplex_725,1,0,0,0,0,0,0,0,1,466,0,0,0, 0, 0
450.soplex,450.soplex_726,1,25,0,0.08,0.68,1.44,0.12,0.04,1,12397,0,1.24,0, 0.12, 0.44
450.soplex,450.soplex_727,1,47,0,0.170213,0.638298,1.44681,0.0851064,0.0425532,1,12397,0,1.17021,0, 0.12766, 0.425532
450.soplex,450.soplex_728,2,64,0.125,0.09375,0.65625,1.51562,0.09375,0.015625,1,9216,0,1.25,0, 0.140625, 0.40625
450.soplex,450.soplex_729,1,69,0.0144928,0.0434783,0.768116,1.43478,0.144928,0,1,172,0,1.30435,0, 0.15942, 0.449275
450.soplex,450.soplex_730,1,0,0,0,0,0,0,0,1,172,0,0,0, 0, 0
450.soplex,450.soplex_731,2,65,0.123077,0.0923077,0.661538,1.50769,0.0923077,0.0153846,1,585,0,1.24615,0, 0.169231, 0.384615
450.soplex,450.soplex_732,1,38,0.0263158,0.105263,0.684211,1.39474,0.157895,0.0263158,1,466,0,1.21053,0, 0.131579, 0.394737
450.soplex,450.soplex_733,2,17,0.117647,0.0588235,0.764706,1.47059,0.0588235,0,1,210,0,1.29412,0, 0.176471, 0.411765
450.soplex,450.soplex_734,1,38,0.0263158,0.105263,0.684211,1.39474,0.157895,0.0263158,1,172,0,1.21053,0, 0.131579, 0.394737
450.soplex,450.soplex_735,1,9,0,0.111111,0.888889,1.55556,0,0,1,181,0,1.22222,0, 0.333333, 0.333333
450.soplex,450.soplex_736,2,63,0.126984,0.0793651,0.666667,1.52381,0.0952381,0.015873,1,1995,0,1.26984,0, 0.142857, 0.412698
450.soplex,450.soplex_737,1,60,0,0.0666667,0.733333,1.46667,0.116667,0,1,181,0,1.28333,0, 0.183333, 0.416667
450.soplex,450.soplex_738,1,0,0,0,0,0,0,0,1,181,0,0,0, 0, 0
450.soplex,450.soplex_739,2,0,0,0,0,0,0,0,1,21951,0,0,0, 0, 0
450.soplex,450.soplex_740,1,42,0.0238095,0.0714286,0.714286,1.40476,0.142857,0.0238095,1,457,0,1.2619,0, 0.142857, 0.428571
450.soplex,450.soplex_741,2,17,0.117647,0.0588235,0.764706,1.47059,0.0588235,0,1,0,0,1.29412,0, 0.176471, 0.411765
450.soplex,450.soplex_742,1,81,0.0740741,0.0864198,0.666667,1.44444,0.135802,0.0123457,1,0,0,1.23457,0, 0.160494, 0.395062
