benchmark, unique_loop_id, loop_nest_level, dynOp_count, floatOp_count, branchOp_count, memOp_count, operands_count, implicit_instr_count, unique_pred_count, trip_count, loop_calls, reuse_count, use_count, def_count, store_count, load_count
456.hmmer,456.hmmer_1,1,95,0,0.147368,0.631579,1.77895,0.0526316,0.0315789,1,0,0,1.16842,0, 0.0842105, 0.4
456.hmmer,456.hmmer_2,2,18,0,0.0555556,0.666667,1.77778,0.166667,0,1,0,0,1.22222,0, 0, 0.388889
456.hmmer,456.hmmer_3,1,36,0,0.166667,0.638889,1.63889,0.0833333,0.0277778,1,0,0,1.02778,0, 0.0277778, 0.416667
456.hmmer,456.hmmer_4,1,138,0,0.144928,0.5,1.48551,0.224638,0.00724638,1,0,0,1.10145,0, 0.0217391, 0.362319
456.hmmer,456.hmmer_5,1,24,0.0833333,0.125,0.5,1.375,0.25,0.0416667,1,0,0,1.125,0, 0.0833333, 0.333333
456.hmmer,456.hmmer_6,1,24,0.0833333,0.125,0.5,1.375,0.25,0.0416667,1,0,0,1.125,0, 0.0833333, 0.333333
456.hmmer,456.hmmer_7,1,189,0,0.142857,0.502646,1.49206,0.222222,0.010582,1,0,0,1.10582,0, 0.021164, 0.365079
456.hmmer,456.hmmer_8,1,57,0,0.122807,0.526316,1.49123,0.210526,0.0350877,1,0,0,1.12281,0, 0.0350877, 0.368421
456.hmmer,456.hmmer_9,2,31,0.0645161,0.0645161,0.677419,1.45161,0.16129,0.0322581,1,0,0,1.29032,0, 0.0645161, 0.483871
456.hmmer,456.hmmer_10,1,5,0,0.4,0.4,1.4,0,0,1,0,0,0.8,0, 0.2, 0.2
456.hmmer,456.hmmer_11,2,32,0.0625,0.0625,0.6875,1.46875,0.15625,0.03125,1,0,0,1.3125,0, 0.0625, 0.5
456.hmmer,456.hmmer_12,1,5,0,0.4,0.4,1.4,0,0,1,0,0,0.8,0, 0.2, 0.2
456.hmmer,456.hmmer_13,1,117,0,0.145299,0.495726,1.47863,0.222222,0.017094,1,0,0,1.10256,0, 0.025641, 0.358974
456.hmmer,456.hmmer_14,2,0,0,0,0,0,0,0,1,0,0,0,0, 0, 0
456.hmmer,456.hmmer_15,1,22,0.0909091,0.0909091,0.545455,1.36364,0.181818,0,1,0,0,1.18182,0, 0.0909091, 0.363636
456.hmmer,456.hmmer_16,2,5,0,0.2,0.6,1.6,0.2,0,1,0,0,1,0, 0.2, 0.2
456.hmmer,456.hmmer_17,2,47,0,0.0851064,0.574468,1.44681,0.191489,0.0212766,28,0,2,1.12766,0, 0.0851064, 0.340426
456.hmmer,456.hmmer_18,2,16,0,0.1875,0.625,1.5625,0.125,0.0625,1,0,0,1.1875,0, 0.125, 0.375
456.hmmer,456.hmmer_19,1,29,0.0689655,0.206897,0.482759,1.55172,0.172414,0.0344828,27,0,0,0.965517,0, 0.241379, 0.172414
456.hmmer,456.hmmer_20,1,9,0,0.111111,0.777778,1.66667,0.111111,0,1,0,0,1,0, 0.111111, 0.333333
456.hmmer,456.hmmer_21,1,11,0,0.0909091,0.454545,1.63636,0.181818,0,1,0,0,1.09091,0, 0.0909091, 0.272727
456.hmmer,456.hmmer_22,1,43,0,0.116279,0.651163,1.69767,0.0930233,0.0232558,1,0,0,1.02326,0, 0, 0.372093
456.hmmer,456.hmmer_23,2,105,0,0.104762,0.552381,1.4,0.238095,0.0190476,1,0,0,1.09524,0, 0.0285714, 0.371429
456.hmmer,456.hmmer_24,2,72,0,0.0972222,0.597222,1.38889,0.236111,0.0138889,1,0,0,1.15278,0, 0.0138889, 0.416667
456.hmmer,456.hmmer_25,1,17,0,0.352941,0.529412,1.76471,0,0.0588235,1,0,0,0.764706,0, 0.411765, 0.117647
456.hmmer,456.hmmer_26,2,65,0,0.107692,0.569231,1.41538,0.230769,0.0153846,1,0,0,1.13846,0, 0.0153846, 0.4
456.hmmer,456.hmmer_27,2,95,0,0.0842105,0.610526,1.36842,0.242105,0.0105263,1,0,0,1.15789,0, 0.0315789, 0.410526
456.hmmer,456.hmmer_28,2,95,0,0.0842105,0.610526,1.36842,0.242105,0.0105263,1,0,0,1.15789,0, 0.0315789, 0.410526
456.hmmer,456.hmmer_29,1,18,0.111111,0.388889,0.388889,1.44444,0.111111,0.0555556,1,0,0,0.777778,0, 0.222222, 0.166667
456.hmmer,456.hmmer_30,1,61,0,0.131148,0.557377,1.44262,0.213115,0.0163934,1,0,0,1.11475,0, 0.0491803, 0.377049
456.hmmer,456.hmmer_31,1,55,0,0.127273,0.545455,1.45455,0.218182,0.0181818,1,0,0,1.12727,0, 0.0363636, 0.381818
456.hmmer,456.hmmer_32,1,30,0,0.233333,0.4,1.56667,0.166667,0.0333333,1,0,0,0.966667,0, 0.0333333, 0.366667
456.hmmer,456.hmmer_33,2,136,0,0.154412,0.470588,1.63235,0.257353,0.0220588,1,0,1,1.11765,0, 0.0294118, 0.286765
456.hmmer,456.hmmer_34,2,40,0,0.175,0.425,1.675,0.25,0.025,1,0,0,1.1,0, 0.025, 0.275
456.hmmer,456.hmmer_35,2,40,0,0.175,0.425,1.675,0.25,0.025,1,0,0,1.1,0, 0.025, 0.275
456.hmmer,456.hmmer_36,1,61,0,0.131148,0.622951,1.85246,0.114754,0.0327869,1,0,0,1.08197,0, 0.229508, 0.213115
456.hmmer,456.hmmer_37,1,10,0,0.1,0.7,1.3,0.2,0,1,0,0,1.1,0, 0.1, 0.4
456.hmmer,456.hmmer_38,2,61,0,0.0983607,0.57377,1.40984,0.245902,0.0163934,1,0,0,1.14754,0, 0, 0.409836
456.hmmer,456.hmmer_39,2,19,0,0.0526316,0.736842,1.26316,0.210526,0,1,0,0,1.21053,0, 0.0526316, 0.473684
456.hmmer,456.hmmer_40,1,61,0,0.196721,0.655738,1.59016,0.0655738,0.0327869,1,0,0,1.01639,0, 0.0819672, 0.393443
456.hmmer,456.hmmer_41,1,12,0,0.0833333,0.666667,1.5,0.166667,0,1,0,0,1.16667,0, 0, 0.416667
456.hmmer,456.hmmer_42,3,23,0,0.0434783,0.695652,1.3913,0.173913,0,1,0,0,1.26087,0, 0.130435, 0.391304
456.hmmer,456.hmmer_43,3,12,0,0.0833333,0.666667,1.41667,0.166667,0,1,0,0,1.16667,0, 0.166667, 0.333333
456.hmmer,456.hmmer_44,2,31,0,0.16129,0.612903,1.41935,0.129032,0.0322581,1,0,0,1.12903,0, 0.129032, 0.354839
456.hmmer,456.hmmer_45,1,14,0,0.142857,0.714286,1.42857,0.142857,0,1,0,0,1,0, 0.285714, 0.285714
456.hmmer,456.hmmer_46,1,11,0,0.0909091,0.454545,1.63636,0.181818,0,1,0,0,1.09091,0, 0.0909091, 0.272727
456.hmmer,456.hmmer_47,2,32,0,0.09375,0.6875,1.3125,0.1875,0.03125,1,0,0,1.1875,0, 0.03125, 0.46875
456.hmmer,456.hmmer_48,1,16,0,0.125,0.6875,1.375,0.125,0,1,0,0,1.125,0, 0.1875, 0.375
456.hmmer,456.hmmer_49,2,28,0.0714286,0.142857,0.428571,1.46429,0.178571,0.0714286,1,0,0,1.07143,0, 0.0714286, 0.285714
456.hmmer,456.hmmer_50,1,4,0,0.5,0.5,1.5,0,0,1,0,0,0.5,0, 0.5, 0
456.hmmer,456.hmmer_51,2,10,0,0.1,0.7,1.3,0.2,0,1,0,0,1.1,0, 0.1, 0.4
456.hmmer,456.hmmer_52,1,14,0,0.142857,0.428571,1.57143,0.214286,0,1,0,0,1,0, 0.142857, 0.214286
456.hmmer,456.hmmer_53,1,39,0,0.102564,0.641026,1.35897,0.153846,0.025641,1,0,0,1.20513,0, 0.0769231, 0.435897
456.hmmer,456.hmmer_54,2,72,0,0.0972222,0.597222,1.38889,0.236111,0.0138889,1,0,0,1.15278,0, 0.0138889, 0.416667
456.hmmer,456.hmmer_55,1,3,0,0.666667,0.333333,1.33333,0,0,1,0,0,0.333333,0, 0.333333, 0
456.hmmer,456.hmmer_56,1,26,0,0.269231,0.461538,1.76923,0.0384615,0,1,0,0,0.923077,0, 0.153846, 0.269231
456.hmmer,456.hmmer_57,1,12,0,0.0833333,0.666667,1.66667,0.25,0,1,1,0,1,0, 0.166667, 0.25
456.hmmer,456.hmmer_58,1,8,0,0.125,0.375,1.875,0.375,0,1,1,0,0.875,0, 0, 0.25
456.hmmer,456.hmmer_59,1,12,0,0.0833333,0.666667,1.66667,0.25,0,1,0,0,1,0, 0.166667, 0.25
456.hmmer,456.hmmer_60,1,8,0,0.125,0.375,1.875,0.375,0,1,0,0,0.875,0, 0, 0.25
456.hmmer,456.hmmer_61,1,0,0,0,0,0,0,0,1,4,0,0,0, 0, 0
456.hmmer,456.hmmer_62,1,14,0,0.0714286,0.571429,1.35714,0.214286,0,1,45000,0,1.14286,0, 0.0714286, 0.357143
456.hmmer,456.hmmer_63,1,16,0,0.0625,0.625,1.375,0.25,0,1,0,1,1.125,0, 0.0625, 0.375
456.hmmer,456.hmmer_64,2,96,0,0.0729167,0.645833,1.46875,0.208333,0.0104167,1,0,0,1.14583,0, 0.0208333, 0.416667
456.hmmer,456.hmmer_65,1,36,0,0.0555556,0.666667,1.47222,0.194444,0,1,0,0,1.08333,0, 0.138889, 0.361111
456.hmmer,456.hmmer_66,1,27,0.0740741,0.111111,0.518519,1.48148,0.259259,0.037037,1,0,1,1.11111,0, 0.037037, 0.333333
456.hmmer,456.hmmer_67,1,31,0,0.129032,0.516129,1.45161,0.258065,0.0322581,1,0,1,1,0, 0.0645161, 0.322581
456.hmmer,456.hmmer_68,1,186,0,0.215054,0.446237,1.68817,0.123656,0.0107527,65,0,0,1.03763,0, 0.0645161, 0.327957
456.hmmer,456.hmmer_69,1,8,0,0.25,0.25,2.375,0,0.25,1,0,0,1,0, 0, 0.25
456.hmmer,456.hmmer_70,1,14,0,0.214286,0.428571,1.57143,0.142857,0.0714286,1,0,0,1.07143,0, 0, 0.428571
456.hmmer,456.hmmer_71,1,20,0,0.2,0.45,1.6,0.15,0.05,1,0,0,1.1,0, 0, 0.45
456.hmmer,456.hmmer_72,2,30,0,0.0333333,0.733333,1.73333,0.166667,0,1,0,0,1.26667,0, 0.0333333, 0.433333
456.hmmer,456.hmmer_73,1,5,0,0.4,0.4,1.6,0,0,1,0,0,0.6,0, 0.2, 0.2
456.hmmer,456.hmmer_74,1,17,0,0.176471,0.588235,1.52941,0.117647,0.0588235,1,0,0,1.11765,0, 0.117647, 0.352941
456.hmmer,456.hmmer_75,3,28,0.0357143,0.107143,0.714286,1.35714,0.142857,0.0357143,1,0,0,1.21429,0, 0.107143, 0.464286
456.hmmer,456.hmmer_76,2,5,0,0.4,0.4,1.4,0,0,1,0,0,0.8,0, 0.2, 0.2
456.hmmer,456.hmmer_77,2,33,0,0.030303,0.636364,1.39394,0.242424,0,1,0,0,1.21212,0, 0.030303, 0.393939
456.hmmer,456.hmmer_78,2,33,0,0.030303,0.636364,1.39394,0.242424,0,1,0,0,1.21212,0, 0.030303, 0.393939
456.hmmer,456.hmmer_79,2,41,0,0.0243902,0.731707,1.31707,0.195122,0,1,0,0,1.2439,0, 0.0731707, 0.463415
456.hmmer,456.hmmer_80,2,41,0,0.0243902,0.731707,1.31707,0.195122,0,1,0,0,1.2439,0, 0.0731707, 0.463415
456.hmmer,456.hmmer_81,2,169,0.035503,0.0710059,0.668639,1.32544,0.213018,0.0118343,1,0,0,1.19527,0, 0.0236686, 0.455621
456.hmmer,456.hmmer_82,2,19,0,0.0526316,0.736842,1.26316,0.210526,0,1,0,0,1.21053,0, 0.0526316, 0.473684
456.hmmer,456.hmmer_83,1,428,0.0046729,0.067757,0.670561,1.48598,0.128505,0.00934579,1,0,0,1.21262,0, 0.0981308, 0.404206
456.hmmer,456.hmmer_84,1,6,0,0.166667,0.666667,1.33333,0.166667,0,1,0,0,1,0, 0.166667, 0.333333
456.hmmer,456.hmmer_85,1,7,0,0.142857,0.714286,1.28571,0.142857,0,1,0,0,1.14286,0, 0.142857, 0.428571
456.hmmer,456.hmmer_86,2,19,0,0.0526316,0.736842,1.26316,0.210526,0,1,0,0,1.21053,0, 0.0526316, 0.473684
456.hmmer,456.hmmer_87,1,13,0,0.153846,0.461538,1.53846,0.230769,0,1,0,0,1,0, 0.153846, 0.230769
456.hmmer,456.hmmer_88,1,54,0,0.037037,0.759259,1.68519,0.166667,0.0185185,1,0,0,1.14815,0, 0.148148, 0.314815
456.hmmer,456.hmmer_89,1,8,0,0.125,0.625,1.5,0.125,0,1,0,0,1,0, 0, 0.375
456.hmmer,456.hmmer_90,2,33,0.030303,0.030303,0.666667,1.33333,0.242424,0,1,0,0,1.24242,0, 0.0606061, 0.424242
456.hmmer,456.hmmer_91,1,4,0,0.5,0.5,1.25,0,0,1,0,0,0.75,0, 0.25, 0.25
456.hmmer,456.hmmer_92,2,30,0,0.0333333,0.733333,1.33333,0.2,0,1,0,0,1.26667,0, 0.0666667, 0.466667
456.hmmer,456.hmmer_93,1,4,0,0.5,0.5,1.25,0,0,1,0,0,0.75,0, 0.25, 0.25
456.hmmer,456.hmmer_94,1,130,0,0.1,0.615385,1.61538,0.1,0.0230769,1,0,0,1.16923,0, 0.0384615, 0.423077
456.hmmer,456.hmmer_95,1,160,0,0.08125,0.675,1.6625,0.13125,0.00625,1,0,0,1.19375,0, 0, 0.425
456.hmmer,456.hmmer_96,1,71,0,0.0140845,0.774648,1.5493,0.112676,0,1,1,0,1.19718,0, 0.056338, 0.43662
456.hmmer,456.hmmer_97,1,71,0,0.0140845,0.774648,1.5493,0.112676,0,1,8,0,1.19718,0, 0.056338, 0.43662
456.hmmer,456.hmmer_98,1,71,0,0.0140845,0.774648,1.5493,0.112676,0,1,0,0,1.19718,0, 0.056338, 0.43662
456.hmmer,456.hmmer_99,2,251,0,0.00398406,0.709163,1.43028,0.163347,0,1,0,0,1.23108,0, 0.0199203, 0.462151
456.hmmer,456.hmmer_100,2,33,0,0.030303,0.757576,1.39394,0.151515,0,1,0,0,1.21212,0, 0.030303, 0.484848
456.hmmer,456.hmmer_101,1,300,0,0.01,0.77,1.58,0.113333,0,1,0,7,1.18,0, 0.04, 0.436667
456.hmmer,456.hmmer_102,1,22,0,0.0454545,0.818182,1.40909,0.136364,0,1,0,0,1.09091,0, 0.136364, 0.409091
456.hmmer,456.hmmer_103,2,27,0,0.0740741,0.703704,1.40741,0.148148,0.037037,1,0,0,1.18519,0, 0, 0.481481
456.hmmer,456.hmmer_104,2,38,0,0.0789474,0.736842,1.55263,0.0789474,0.0263158,1,0,0,1.18421,0, 0.131579, 0.447368
456.hmmer,456.hmmer_105,2,39,0,0.0512821,0.74359,1.58974,0.0769231,0.025641,1,0,0,1.23077,0, 0.153846, 0.435897
456.hmmer,456.hmmer_106,1,1049,0.00381316,0.0810296,0.709247,1.55195,0.118208,0.00476644,1,0,0,1.12297,0, 0.0714967, 0.411821
456.hmmer,456.hmmer_107,1,7,0,0.142857,0.571429,1.28571,0.142857,0,1,0,0,1,0, 0, 0.428571
456.hmmer,456.hmmer_108,1,26,0,0.0384615,0.807692,1.53846,0.115385,0,1,0,0,1.15385,0, 0.153846, 0.423077
456.hmmer,456.hmmer_109,2,90,0,0.0444444,0.755556,1.47778,0.144444,0.0111111,1,0,0,1.16667,0, 0.0555556, 0.455556
456.hmmer,456.hmmer_110,2,26,0,0.0384615,0.807692,1.53846,0.115385,0,1,0,0,1.15385,0, 0.153846, 0.423077
456.hmmer,456.hmmer_111,1,51,0,0.0980392,0.627451,1.58824,0.0980392,0.0392157,1,0,0,1.09804,0, 0.117647, 0.352941
456.hmmer,456.hmmer_112,1,26,0,0.0384615,0.807692,1.53846,0.115385,0,1,0,0,1.15385,0, 0.153846, 0.423077
456.hmmer,456.hmmer_113,1,84,0,0.047619,0.654762,1.59524,0.107143,0.0119048,1,0,0,1.2381,0, 0.0357143, 0.440476
456.hmmer,456.hmmer_114,1,0,0,0,0,0,0,0,1,0,0,0,0, 0, 0
456.hmmer,456.hmmer_115,2,604,0,0.0413907,0.716887,1.37914,0.180464,0.00496689,1,0,0,1.2202,0, 0.0513245, 0.456954
456.hmmer,456.hmmer_116,2,51,0,0.0588235,0.745098,1.37255,0.156863,0.0196078,1,0,0,1.21569,0, 0.0588235, 0.470588
456.hmmer,456.hmmer_117,1,326,0,0.0521472,0.788344,1.52454,0.107362,0.00613497,1,0,0,1.16871,0, 0.0981595, 0.423313
456.hmmer,456.hmmer_118,1,22,0,0.0454545,0.818182,1.40909,0.136364,0,1,0,0,1.09091,0, 0.136364, 0.409091
456.hmmer,456.hmmer_119,2,26,0,0.0384615,0.807692,1.53846,0.115385,0,1,0,0,1.15385,0, 0.153846, 0.423077
456.hmmer,456.hmmer_120,2,26,0,0.0384615,0.807692,1.53846,0.115385,0,1,0,0,1.15385,0, 0.153846, 0.423077
456.hmmer,456.hmmer_121,2,26,0,0.0384615,0.807692,1.53846,0.115385,0,1,0,0,1.15385,0, 0.153846, 0.423077
456.hmmer,456.hmmer_122,1,337,0.0118694,0.0682493,0.700297,1.54303,0.142433,0.0118694,1,0,0,1.13947,0, 0.0919881, 0.409496
456.hmmer,456.hmmer_123,1,93,0,0.107527,0.526882,1.48387,0.172043,0.0107527,1,0,0,1.15054,0, 0.0322581, 0.376344
456.hmmer,456.hmmer_124,2,11,0,0.0909091,0.727273,1.36364,0.181818,0,1,0,0,1.09091,0, 0.181818, 0.363636
456.hmmer,456.hmmer_125,2,14,0,0.0714286,0.785714,1.42857,0.142857,0,1,0,0,1.14286,0, 0.142857, 0.428571
456.hmmer,456.hmmer_126,1,153,0,0.124183,0.614379,1.54902,0.130719,0.0196078,1,0,0,1.24183,0, 0.111111, 0.424837
456.hmmer,456.hmmer_127,1,67,0,0.0746269,0.746269,1.47761,0.119403,0.0149254,1,0,0,1.22388,0, 0.119403, 0.447761
456.hmmer,456.hmmer_128,2,37,0,0.0810811,0.72973,1.40541,0.135135,0.027027,1,0,0,1.18919,0, 0.0540541, 0.459459
456.hmmer,456.hmmer_129,2,475,0,0.0526316,0.72,1.39368,0.168421,0.00631579,1,0,0,1.21895,0, 0.0526316, 0.461053
456.hmmer,456.hmmer_130,1,150,0,0.0733333,0.76,1.56667,0.0933333,0.0133333,1,0,0,1.15333,0, 0.106667, 0.4
456.hmmer,456.hmmer_131,1,57,0,0.0526316,0.719298,1.36842,0.175439,0.0175439,1,0,0,1.21053,0, 0.0350877, 0.473684
456.hmmer,456.hmmer_132,1,28,0,0.0357143,0.75,1.32143,0.214286,0,1,0,0,1.17857,0, 0.107143, 0.428571
456.hmmer,456.hmmer_133,2,469,0,0.0575693,0.705757,1.40512,0.168443,0.00639659,1,0,0,1.20256,0, 0.0490405, 0.449893
456.hmmer,456.hmmer_134,2,45,0,0.111111,0.688889,1.46667,0.111111,0.0444444,1,0,0,1.15556,0, 0.0444444, 0.444444
456.hmmer,456.hmmer_135,1,410,0,0.0609756,0.731707,1.45366,0.15122,0.00731707,1,0,0,1.18049,0, 0.0731707, 0.431707
456.hmmer,456.hmmer_136,1,89,0,0.0561798,0.696629,1.41573,0.157303,0.011236,1,0,0,1.20225,0, 0.0561798, 0.438202
456.hmmer,456.hmmer_137,1,28,0,0.0357143,0.75,1.32143,0.214286,0,1,0,0,1.17857,0, 0.107143, 0.428571
456.hmmer,456.hmmer_138,2,935,0,0.0459893,0.703743,1.43102,0.148663,0.00106952,1,0,0,1.22139,0, 0.0417112, 0.455615
456.hmmer,456.hmmer_139,2,37,0,0.0810811,0.72973,1.40541,0.135135,0.027027,1,0,0,1.18919,0, 0.0540541, 0.459459
456.hmmer,456.hmmer_140,1,281,0,0.0569395,0.729537,1.53737,0.124555,0.00711744,1,0,4,1.15658,0, 0.0640569, 0.409253
456.hmmer,456.hmmer_141,1,22,0,0.0454545,0.818182,1.40909,0.136364,0,1,0,0,1.09091,0, 0.136364, 0.409091
456.hmmer,456.hmmer_142,1,22,0,0.0454545,0.818182,1.40909,0.136364,0,1,0,0,1.09091,0, 0.136364, 0.409091
456.hmmer,456.hmmer_143,1,8,0,0.125,0.5,1.25,0.25,0,1,0,0,1,0, 0, 0.375
456.hmmer,456.hmmer_144,3,60,0.05,0.05,0.666667,1.38333,0.216667,0.0333333,1,0,0,1.2,0, 0.0166667, 0.45
456.hmmer,456.hmmer_145,3,60,0.05,0.05,0.666667,1.38333,0.216667,0.0333333,1,0,0,1.2,0, 0.0166667, 0.45
456.hmmer,456.hmmer_146,2,699,0.0100143,0.0529328,0.692418,1.42346,0.173104,0.00286123,1,0,0,1.19313,0, 0.0486409, 0.439199
456.hmmer,456.hmmer_147,2,65,0,0.0769231,0.723077,1.46154,0.138462,0.0153846,1,0,0,1.18462,0, 0.0461538, 0.461538
456.hmmer,456.hmmer_148,1,335,0.0119403,0.0567164,0.758209,1.56418,0.122388,0.00597015,1,0,0,1.13433,0, 0.0895522, 0.4
456.hmmer,456.hmmer_149,1,43,0,0.0232558,0.837209,1.4186,0.139535,0,1,0,0,1.11628,0, 0.139535, 0.418605
456.hmmer,456.hmmer_150,2,107,0,0.0654206,0.598131,1.51402,0.205607,0.00934579,1,0,0,1.13084,0, 0, 0.401869
456.hmmer,456.hmmer_151,1,26,0.0384615,0.0769231,0.615385,1.42308,0.192308,0,1,0,0,1.11538,0, 0.0769231, 0.423077
456.hmmer,456.hmmer_152,1,18,0,0.0555556,0.555556,1.55556,0.222222,0,1,0,0,1.05556,0, 0.0555556, 0.388889
456.hmmer,456.hmmer_153,2,38,0,0.0789474,0.736842,1.55263,0.0789474,0.0263158,1,0,0,1.18421,0, 0.131579, 0.447368
456.hmmer,456.hmmer_154,2,39,0,0.0512821,0.74359,1.58974,0.0769231,0.025641,1,0,0,1.23077,0, 0.153846, 0.435897
456.hmmer,456.hmmer_155,1,400,0.01,0.0675,0.73,1.59,0.1175,0.005,1,0,0,1.145,0, 0.125, 0.4025
456.hmmer,456.hmmer_156,1,7,0,0.142857,0.571429,1.28571,0.142857,0,1,0,0,1,0, 0, 0.428571
456.hmmer,456.hmmer_157,1,121,0.0247934,0.14876,0.644628,1.65289,0.0743802,0.0247934,1,0,0,1.2562,0, 0.0413223, 0.495868
456.hmmer,456.hmmer_158,1,64,0.046875,0.09375,0.65625,1.45312,0.140625,0.03125,1,0,0,1.21875,0, 0.09375, 0.4375
456.hmmer,456.hmmer_159,2,45,0,0.133333,0.511111,1.53333,0.177778,0.0444444,1,0,0,1.06667,0, 0.0666667, 0.333333
456.hmmer,456.hmmer_160,1,13,0,0.307692,0.384615,2.30769,0,0.0769231,1,0,0,1,0, 0.153846, 0.0769231
456.hmmer,456.hmmer_161,1,12,0,0.25,0.333333,1.66667,0.166667,0.0833333,1,0,0,0.833333,0, 0.0833333, 0.166667
456.hmmer,456.hmmer_162,1,15,0,0.2,0.533333,1.66667,0.133333,0.0666667,28,0,0,1.06667,0, 0.133333, 0.266667
456.hmmer,456.hmmer_163,2,7,0,0.142857,0.571429,1.85714,0,0.142857,1,0,0,1.14286,0, 0.142857, 0.285714
456.hmmer,456.hmmer_164,1,56,0.0178571,0.214286,0.392857,1.82143,0.107143,0.0357143,1,0,0,0.964286,0, 0.125, 0.160714
456.hmmer,456.hmmer_165,1,25,0,0.04,0.76,1.6,0.12,0,1,0,0,1.2,0, 0, 0.52
456.hmmer,456.hmmer_166,1,329,0,0.0729483,0.659574,1.58055,0.158055,0.00911854,1,0,0,1.14894,0, 0.0182371, 0.440729
456.hmmer,456.hmmer_167,2,13,0,0.0769231,0.615385,1.69231,0.230769,0,1,0,0,1.15385,0, 0, 0.384615
456.hmmer,456.hmmer_168,1,14,0,0.142857,0.571429,1.71429,0.142857,0,1,0,0,1,0, 0.0714286, 0.357143
456.hmmer,456.hmmer_169,2,13,0,0.0769231,0.615385,1.69231,0.230769,0,1,0,0,1.15385,0, 0, 0.384615
456.hmmer,456.hmmer_170,1,14,0,0.142857,0.571429,1.71429,0.142857,0,1,0,0,1,0, 0.0714286, 0.357143
456.hmmer,456.hmmer_171,2,13,0,0.0769231,0.615385,1.69231,0.230769,0,1,0,0,1.15385,0, 0, 0.384615
456.hmmer,456.hmmer_172,1,14,0,0.142857,0.571429,1.71429,0.142857,0,8,0,0,1,0, 0.0714286, 0.357143
456.hmmer,456.hmmer_173,1,393,0,0.155216,0.608142,1.69975,0.0814249,0.0127226,1,0,0,1.09669,0, 0.0356234, 0.412214
456.hmmer,456.hmmer_174,1,51,0,0.0784314,0.705882,1.52941,0.156863,0.0196078,1,0,0,1.15686,0, 0, 0.470588
456.hmmer,456.hmmer_175,3,17,0,0.117647,0.588235,1.52941,0.117647,0.0588235,1,0,0,1.11765,0, 0, 0.411765
456.hmmer,456.hmmer_176,3,17,0,0.117647,0.588235,1.52941,0.117647,0.0588235,1,0,0,1.11765,0, 0, 0.411765
456.hmmer,456.hmmer_177,2,3,0,1,0,1,0,0,1,0,0,0,0, 0, 0
456.hmmer,456.hmmer_178,3,476,0,0.0483193,0.716387,1.64286,0.092437,0.00210084,1,0,0,1.30462,0, 0, 0.544118
456.hmmer,456.hmmer_179,2,370,0,0.0756757,0.732432,1.84595,0.0567568,0.00540541,1,0,0,1.24324,0, 0.0243243, 0.505405
456.hmmer,456.hmmer_180,1,5,0,0.6,0.4,1.4,0,0,11,0,0,0.4,0, 0.4, 0
456.hmmer,456.hmmer_181,1,17,0,0.294118,0.352941,1.58824,0.0588235,0.117647,1,0,0,0.823529,0, 0, 0.294118
456.hmmer,456.hmmer_182,3,13,0,0.153846,0.538462,1.61538,0.0769231,0.0769231,1,0,0,1.07692,0, 0, 0.384615
456.hmmer,456.hmmer_183,2,222,0,0.112613,0.648649,1.49099,0.157658,0.0135135,1,0,0,1.15315,0, 0.0315315, 0.441441
456.hmmer,456.hmmer_184,1,14,0,0.142857,0.714286,1.35714,0.142857,0,1,0,0,1.07143,0, 0.214286, 0.357143
456.hmmer,456.hmmer_185,2,13,0,0.0769231,0.692308,1.38462,0.153846,0,1,0,0,1.07692,0, 0, 0.461538
456.hmmer,456.hmmer_186,1,5,0,0.4,0.4,1.6,0,0,1,0,0,0.6,0, 0.2, 0.2
456.hmmer,456.hmmer_187,1,11,0,0.0909091,0.727273,1.45455,0.0909091,0,1,0,0,1,0, 0, 0.454545
456.hmmer,456.hmmer_188,1,11,0,0.0909091,0.727273,1.45455,0.0909091,0,1,0,0,1,0, 0, 0.454545
456.hmmer,456.hmmer_189,1,11,0,0.0909091,0.727273,1.45455,0.0909091,0,1,0,0,1,0, 0, 0.454545
456.hmmer,456.hmmer_190,1,11,0,0.0909091,0.727273,1.45455,0.0909091,0,1,0,0,1,0, 0, 0.454545
456.hmmer,456.hmmer_191,2,13,0,0.0769231,0.692308,1.38462,0.153846,0,1,0,0,1.07692,0, 0, 0.461538
456.hmmer,456.hmmer_192,1,5,0,0.4,0.4,1.6,0,0,1,0,0,0.6,0, 0.2, 0.2
456.hmmer,456.hmmer_193,2,13,0,0.0769231,0.692308,1.38462,0.153846,0,1,0,0,1.07692,0, 0, 0.461538
456.hmmer,456.hmmer_194,1,5,0,0.4,0.4,1.6,0,0,1,0,0,0.6,0, 0.2, 0.2
456.hmmer,456.hmmer_195,1,11,0,0.0909091,0.727273,1.45455,0.0909091,0,1,0,0,1,0, 0, 0.454545
456.hmmer,456.hmmer_196,1,12,0,0.0833333,0.5,1.41667,0.333333,0,1,0,0,1,0, 0, 0.333333
456.hmmer,456.hmmer_197,1,314,0,0.159236,0.56051,1.84395,0.089172,0.00955414,1,0,0,1.03185,0, 0.124204, 0.292994
456.hmmer,456.hmmer_198,2,0,0,0,0,0,0,0,1,0,0,0,0, 0, 0
456.hmmer,456.hmmer_199,1,116,0.0431034,0.0862069,0.637931,1.53448,0.146552,0.0258621,1,0,1,1.17241,0, 0.0775862, 0.422414
456.hmmer,456.hmmer_200,1,47,0.0851064,0.148936,0.553191,1.53191,0.12766,0.0425532,1,0,0,1.08511,0, 0.0638298, 0.361702
456.hmmer,456.hmmer_201,1,159,0.081761,0.0188679,0.704403,1.44025,0.132075,0.00628931,1,0,0,1.23899,0, 0.0314465, 0.465409
456.hmmer,456.hmmer_202,1,3,0,0.333333,0.333333,2,0,0,1,0,0,0.666667,0, 0, 0.333333
456.hmmer,456.hmmer_203,2,15,0.0666667,0.0666667,0.733333,1.4,0.133333,0,1,0,0,1.2,0, 0.0666667, 0.466667
456.hmmer,456.hmmer_204,1,15,0.0666667,0.133333,0.6,1.6,0.133333,0,1,0,0,1.06667,0, 0.2, 0.333333
456.hmmer,456.hmmer_205,2,41,0.0243902,0.0731707,0.682927,1.53659,0.121951,0.0243902,1,0,0,1.17073,0, 0.0731707, 0.439024
456.hmmer,456.hmmer_206,1,209,0.0191388,0.0956938,0.602871,1.61244,0.100478,0.0143541,1,0,0,1.10048,0, 0.0669856, 0.37799
456.hmmer,456.hmmer_207,1,8,0,0.125,0.5,1.625,0.25,0,1,0,0,1,0, 0, 0.375
456.hmmer,456.hmmer_208,2,23,0,0.0434783,0.695652,1.56522,0.130435,0,1,0,0,1.26087,0, 0.0434783, 0.521739
456.hmmer,456.hmmer_209,1,26,0,0.0769231,0.692308,1.69231,0.0384615,0,1,0,0,1.19231,0, 0.115385, 0.461538
456.hmmer,456.hmmer_210,1,17,0,0.176471,0.588235,1.52941,0.117647,0.0588235,1,0,0,1.11765,0, 0.117647, 0.352941
456.hmmer,456.hmmer_211,2,253,0,0.0750988,0.660079,1.40711,0.150198,0.00790514,1,15683635,0,1.2332,0, 0.0711462, 0.438735
456.hmmer,456.hmmer_212,2,19,0,0.157895,0.631579,1.42105,0.105263,0.0526316,1,15683635,0,1.21053,0, 0.105263, 0.421053
456.hmmer,456.hmmer_213,1,334,0,0.0508982,0.778443,1.53593,0.107784,0.00299401,1,45000,0,1.17964,0, 0.107784, 0.419162
456.hmmer,456.hmmer_214,1,22,0,0.0454545,0.818182,1.40909,0.136364,0,1,45000,0,1.09091,0, 0.136364, 0.409091
456.hmmer,456.hmmer_215,1,19,0,0.105263,0.368421,2.15789,0.105263,0.105263,1,0,0,1.21053,0, 0.0526316, 0.210526
456.hmmer,456.hmmer_216,1,42,0,0.119048,0.595238,1.61905,0.142857,0.0238095,1,5,0,1.14286,0, 0.047619, 0.380952
456.hmmer,456.hmmer_217,1,23,0,0.130435,0.608696,1.56522,0.173913,0.0434783,1,0,0,1.04348,0, 0, 0.391304
456.hmmer,456.hmmer_218,1,8,0,0.125,0.75,1.5,0.125,0,1,0,0,1,0, 0.125, 0.375
456.hmmer,456.hmmer_219,2,32,0,0.0625,0.78125,1.625,0.09375,0.03125,1,0,0,1.09375,0, 0.03125, 0.46875
456.hmmer,456.hmmer_220,1,2,0,1,0,1,0,0,1,0,0,0,0, 0, 0
456.hmmer,456.hmmer_221,1,26,0,0.0769231,0.576923,1.53846,0.115385,0.0384615,1,0,0,1.19231,0, 0.115385, 0.384615
456.hmmer,456.hmmer_222,2,0,0,0,0,0,0,0,1,0,0,0,0, 0, 0
456.hmmer,456.hmmer_223,1,10,0,0.2,0.7,1.4,0.1,0,1,0,0,1,0, 0.1, 0.4
456.hmmer,456.hmmer_224,1,8,0,0.25,0.5,1.875,0,0.125,1,0,0,1,0, 0, 0.375
456.hmmer,456.hmmer_225,2,4,0,0.25,0.5,1.5,0,0,1,0,0,1,0, 0.25, 0.25
456.hmmer,456.hmmer_226,1,32,0,0.25,0.59375,1.5625,0.03125,0.09375,1,0,0,1.0625,0, 0.15625, 0.375
456.hmmer,456.hmmer_227,1,28,0,0.321429,0.428571,1.75,0,0.142857,1,0,0,1,0, 0.107143, 0.285714
456.hmmer,456.hmmer_228,1,9,0,0.111111,0.666667,1.44444,0.111111,0,1,0,0,1,0, 0, 0.444444
456.hmmer,456.hmmer_229,1,29,0,0.0344828,0.758621,1.72414,0.172414,0,1,0,0,1.17241,0, 0, 0.413793
456.hmmer,456.hmmer_230,1,19,0,0.0526316,0.736842,1.57895,0.105263,0,1,0,0,1.21053,0, 0, 0.526316
456.hmmer,456.hmmer_231,1,8,0,0.125,0.75,1.5,0.125,0,1,1,0,1,0, 0.125, 0.375
456.hmmer,456.hmmer_232,1,8,0,0.125,0.75,1.5,0.125,0,1,0,0,1,0, 0.125, 0.375
456.hmmer,456.hmmer_233,1,8,0,0.125,0.75,1.5,0.125,0,1,0,0,1,0, 0.125, 0.375
456.hmmer,456.hmmer_234,2,7,0,0.142857,0.571429,1.71429,0.142857,0,1,0,0,1.14286,0, 0.285714, 0.142857
456.hmmer,456.hmmer_235,2,7,0,0.142857,0.571429,1.71429,0.142857,0,1,0,0,1.14286,0, 0.285714, 0.142857
456.hmmer,456.hmmer_236,2,7,0,0.142857,0.571429,1.71429,0.142857,0,1,0,0,1.14286,0, 0.285714, 0.142857
456.hmmer,456.hmmer_237,1,190,0.00526316,0.173684,0.568421,1.77895,0.0631579,0.0263158,1,0,0,1.08421,0, 0.0578947, 0.363158
456.hmmer,456.hmmer_238,1,11,0,0.0909091,0.727273,1.45455,0.0909091,0,1,0,0,1.18182,0, 0.0909091, 0.454545
456.hmmer,456.hmmer_239,1,11,0,0.0909091,0.727273,1.45455,0.0909091,0,1,0,0,1.18182,0, 0.0909091, 0.454545
456.hmmer,456.hmmer_240,1,24,0,0.166667,0.625,1.66667,0.0416667,0.0833333,1,0,0,1.125,0, 0.125, 0.375
456.hmmer,456.hmmer_241,1,24,0,0.166667,0.625,1.66667,0.0416667,0.0833333,1,0,0,1.125,0, 0.125, 0.375
456.hmmer,456.hmmer_242,1,26,0,0.115385,0.730769,1.53846,0.0769231,0.0384615,1,0,0,1.15385,0, 0.0769231, 0.461538
456.hmmer,456.hmmer_243,1,32,0.125,0.03125,0.6875,1.96875,0.0625,0,1,0,0,1.21875,0, 0.03125, 0.40625
456.hmmer,456.hmmer_244,1,36,0.0277778,0.0833333,0.638889,1.61111,0.138889,0.0277778,1,0,0,1.13889,0, 0, 0.444444
456.hmmer,456.hmmer_245,1,18,0.0555556,0.0555556,0.722222,1.94444,0.0555556,0,1,0,0,1.22222,0, 0.0555556, 0.444444
456.hmmer,456.hmmer_246,1,27,0.037037,0.037037,0.62963,1.59259,0.148148,0,1,0,0,1.22222,0, 0.037037, 0.444444
456.hmmer,456.hmmer_247,1,21,0.0952381,0.047619,0.619048,1.95238,0.047619,0,1,0,0,1.19048,0, 0.047619, 0.380952
456.hmmer,456.hmmer_248,1,38,0.0526316,0.0789474,0.605263,1.65789,0.0789474,0.0263158,1,0,0,1.18421,0, 0.0526316, 0.421053
456.hmmer,456.hmmer_249,1,24,0.0416667,0.0416667,0.583333,1.5,0.166667,0,1,0,0,1.16667,0, 0.0416667, 0.375
456.hmmer,456.hmmer_250,1,43,0.0232558,0.0232558,0.697674,1.51163,0.139535,0,1,0,0,1.23256,0, 0.0697674, 0.44186
456.hmmer,456.hmmer_251,1,11,0,0.0909091,0.727273,1.36364,0.181818,0,1,0,0,1.09091,0, 0.181818, 0.363636
456.hmmer,456.hmmer_252,1,77,0.0649351,0.0519481,0.701299,1.5974,0.0909091,0.025974,1,1,0,1.19481,0, 0.038961, 0.454545
456.hmmer,456.hmmer_253,1,43,0.0232558,0.0232558,0.767442,1.86047,0.0930233,0,1,1,4,1.2093,0, 0.0232558, 0.44186
456.hmmer,456.hmmer_254,1,8,0,0.125,0.75,1.5,0.125,0,1,1,0,1,0, 0.125, 0.375
456.hmmer,456.hmmer_255,2,45,0.0222222,0.0222222,0.688889,1.46667,0.155556,0,1,1,0,1.24444,0, 0.0666667, 0.444444
456.hmmer,456.hmmer_256,1,156,0.0769231,0.134615,0.435897,1.64103,0.147436,0.025641,1,1,0,1.1859,0, 0.0769231, 0.333333
456.hmmer,456.hmmer_257,1,30,0,0.1,0.733333,1.56667,0.0666667,0.0333333,1,1,0,1.16667,0, 0.0666667, 0.466667
456.hmmer,456.hmmer_258,1,34,0.147059,0.117647,0.5,1.44118,0.147059,0.0294118,1,1,0,1.17647,0, 0.0882353, 0.352941
456.hmmer,456.hmmer_259,1,32,0.125,0.15625,0.5,1.625,0.15625,0.0625,1,0,0,1.28125,0, 0.09375, 0.40625
456.hmmer,456.hmmer_260,1,8,0,0.125,0.75,2,0,0,1,0,0,1.75,0, 0, 0.75
456.hmmer,456.hmmer_261,1,1,0,1,0,1,0,0,1,0,0,0,0, 0, 0
456.hmmer,456.hmmer_262,1,27,0.148148,0.148148,0.518519,1.7037,0.111111,0.0740741,1,1,0,1.33333,0, 0.0740741, 0.444444
456.hmmer,456.hmmer_263,1,33,0.151515,0.121212,0.515152,1.45455,0.121212,0.030303,1,0,0,1.18182,0, 0.0909091, 0.363636
456.hmmer,456.hmmer_264,1,30,0.133333,0.166667,0.466667,1.6,0.166667,0.0666667,1,0,0,1.23333,0, 0.1, 0.366667
456.hmmer,456.hmmer_265,1,6,0,0.166667,0.666667,2,0,0,1,0,0,1.66667,0, 0, 0.666667
456.hmmer,456.hmmer_266,1,1,0,1,0,1,0,0,1,0,0,0,0, 0, 0
456.hmmer,456.hmmer_267,1,25,0.16,0.16,0.48,1.68,0.12,0.08,1,0,0,1.28,0, 0.08, 0.4
456.hmmer,456.hmmer_268,1,77,0.0649351,0.0519481,0.701299,1.5974,0.0909091,0.025974,1,0,0,1.19481,0, 0.038961, 0.454545
456.hmmer,456.hmmer_269,1,60,0.183333,0.0166667,0.533333,1.65,0.216667,0,1,0,3,1.15,0, 0.0333333, 0.3
456.hmmer,456.hmmer_270,1,8,0,0.125,0.75,1.5,0.125,0,1,0,0,1,0, 0.125, 0.375
456.hmmer,456.hmmer_271,1,43,0.139535,0.0232558,0.627907,1.48837,0.162791,0,1,0,0,1.25581,0, 0.0697674, 0.418605
456.hmmer,456.hmmer_272,1,77,0.0649351,0.0519481,0.701299,1.5974,0.0909091,0.025974,1,0,0,1.19481,0, 0.038961, 0.454545
456.hmmer,456.hmmer_273,1,60,0.183333,0.0166667,0.533333,1.65,0.216667,0,1,0,3,1.15,0, 0.0333333, 0.3
456.hmmer,456.hmmer_274,1,8,0,0.125,0.75,1.5,0.125,0,1,0,0,1,0, 0.125, 0.375
456.hmmer,456.hmmer_275,1,6,0.166667,0.333333,0.166667,1.66667,0.166667,0.166667,1,0,0,0.833333,0, 0, 0.166667
456.hmmer,456.hmmer_276,1,98,0.183673,0.0408163,0.530612,1.39796,0.193878,0.0102041,1,0,0,1.26531,0, 0.0612245, 0.387755
456.hmmer,456.hmmer_277,1,98,0.183673,0.0408163,0.530612,1.39796,0.193878,0.0102041,1,6,0,1.26531,0, 0.0612245, 0.387755
456.hmmer,456.hmmer_278,1,53,0,0.150943,0.603774,1.67925,0.0377358,0.0377358,1,1,0,1.07547,0, 0.0566038, 0.433962
456.hmmer,456.hmmer_279,1,107,0,0.11215,0.53271,1.83178,0.102804,0.0186916,1,1,2,1.09346,0, 0.046729, 0.373832
456.hmmer,456.hmmer_280,1,660,0,0.215152,0.459091,1.62121,0.112121,0.00454545,1,1,0,0.986364,0, 0.0939394, 0.310606
456.hmmer,456.hmmer_281,2,0,0,0,0,0,0,0,1,45000,0,0,0, 0, 0
456.hmmer,456.hmmer_282,1,53,0.0188679,0.188679,0.603774,1.77358,0,0.0566038,1,1,0,1.18868,0, 0.113208, 0.45283
456.hmmer,456.hmmer_283,2,13,0,0.0769231,0.615385,1.46154,0.230769,0,1,0,0,1.07692,0, 0, 0.384615
456.hmmer,456.hmmer_284,2,13,0,0.0769231,0.615385,1.46154,0.230769,0,1,0,0,1.07692,0, 0, 0.384615
456.hmmer,456.hmmer_285,2,13,0,0.0769231,0.615385,1.46154,0.230769,0,1,0,0,1.07692,0, 0, 0.384615
456.hmmer,456.hmmer_286,1,37,0,0.216216,0.567568,1.62162,0.108108,0.027027,8,0,0,0.945946,0, 0.0810811, 0.324324
456.hmmer,456.hmmer_287,1,8,0,0.125,0.5,1.75,0.25,0,1,0,0,1,0, 0, 0.25
456.hmmer,456.hmmer_288,1,15,0,0.133333,0.6,1.8,0.133333,0.0666667,1,0,0,1.06667,0, 0, 0.4
456.hmmer,456.hmmer_289,1,17,0,0.117647,0.588235,1.70588,0.176471,0.0588235,1,0,0,1.05882,0, 0, 0.411765
456.hmmer,456.hmmer_290,1,17,0,0.117647,0.588235,1.70588,0.176471,0.0588235,1,0,0,1.05882,0, 0, 0.411765
456.hmmer,456.hmmer_291,2,11,0,0.0909091,0.545455,1.72727,0.272727,0,1,0,0,1.09091,0, 0, 0.272727
456.hmmer,456.hmmer_292,1,22,0,0.227273,0.545455,1.95455,0.0909091,0.0454545,3,0,0,0.954545,0, 0.0454545, 0.272727
456.hmmer,456.hmmer_293,1,9,0,0.111111,0.555556,1.55556,0.222222,0,1,0,0,1,0, 0, 0.333333
456.hmmer,456.hmmer_294,1,4,0,0.25,0.25,3,0,0.25,1,2,0,1,0, 0, 0
456.hmmer,456.hmmer_295,2,24,0,0.0833333,0.666667,1.70833,0.125,0.0416667,1,20,1,1.16667,0, 0.0833333, 0.375
456.hmmer,456.hmmer_296,2,24,0,0.0833333,0.666667,1.70833,0.125,0.0416667,1,18,1,1.16667,0, 0.0833333, 0.375
456.hmmer,456.hmmer_297,2,25,0,0.16,0.6,1.72,0.08,0.08,1,20,0,1.08,0, 0.08, 0.36
456.hmmer,456.hmmer_298,1,133,0,0.165414,0.571429,1.95489,0.037594,0.0225564,1,2,0,1.07519,0, 0.105263, 0.293233
456.hmmer,456.hmmer_299,2,19,0.0526316,0.105263,0.473684,1.73684,0.210526,0.0526316,1,2,0,1.05263,0, 0.105263, 0.263158
456.hmmer,456.hmmer_300,3,17,0,0.117647,0.588235,1.88235,0.117647,0.0588235,1,8,0,1.11765,0, 0.117647, 0.294118
456.hmmer,456.hmmer_301,2,3,0,0.666667,0.333333,1.33333,0,0,1,2,0,0.333333,0, 0.333333, 0
456.hmmer,456.hmmer_302,1,427,0.00468384,0.215457,0.477752,2.12412,0.0257611,0.00468384,1,2,0,0.960187,0, 0.0913349, 0.154567
456.hmmer,456.hmmer_303,2,35,0,0.142857,0.628571,1.71429,0.0857143,0.0857143,1,0,1,1.14286,0, 0.0571429, 0.4
456.hmmer,456.hmmer_304,1,8,0,0.375,0.375,1.875,0,0.125,1,0,0,0.875,0, 0.25, 0.125
456.hmmer,456.hmmer_305,2,25,0,0.08,0.68,1.68,0.12,0.04,1,0,1,1.2,0, 0.08, 0.4
456.hmmer,456.hmmer_306,1,243,0,0.156379,0.600823,1.77778,0.0534979,0.0123457,1,0,0,1.09877,0, 0.090535, 0.36214
456.hmmer,456.hmmer_307,1,6,0,0.333333,0.333333,2,0,0.166667,1,0,0,1,0, 0.166667, 0.166667
456.hmmer,456.hmmer_308,1,6,0,0.333333,0.333333,2,0,0.166667,1,0,0,1,0, 0.166667, 0.166667
456.hmmer,456.hmmer_309,1,14,0,0.142857,0.571429,1.92857,0.0714286,0.0714286,1,0,0,1.14286,0, 0.142857, 0.285714
456.hmmer,456.hmmer_310,2,21,0,0.047619,0.714286,1.61905,0.142857,0,1,10,0,1.19048,0, 0, 0.47619
456.hmmer,456.hmmer_311,2,30,0,0.133333,0.633333,1.63333,0.1,0.0333333,1,10,0,1.1,0, 0, 0.433333
456.hmmer,456.hmmer_312,2,24,0,0.166667,0.583333,1.625,0.0833333,0.0416667,1,10,0,1.04167,0, 0, 0.416667
456.hmmer,456.hmmer_313,1,90,0,0.133333,0.577778,1.73333,0.0777778,0.0111111,8,1,0,1.02222,0, 0.0333333, 0.4
456.hmmer,456.hmmer_314,1,8,0,0.125,0.5,1.625,0.25,0,1,1,0,1,0, 0, 0.375
456.hmmer,456.hmmer_315,1,13,0.0769231,0.0769231,0.538462,1.76923,0.153846,0,1,1,0,1.07692,0, 0, 0.384615
456.hmmer,456.hmmer_316,2,13,0,0.0769231,0.615385,1.84615,0.153846,0,1,4,0,1.15385,0, 0, 0.384615
456.hmmer,456.hmmer_317,1,3,0,0.666667,0.333333,1.33333,0,0,3,1,0,0.333333,0, 0.333333, 0
456.hmmer,456.hmmer_318,1,0,0,0,0,0,0,0,5,1,0,0,0, 0, 0
456.hmmer,456.hmmer_319,1,11,0,0.0909091,0.636364,1.63636,0.181818,0,1,0,0,1.09091,0, 0, 0.454545
456.hmmer,456.hmmer_320,1,13,0,0.0769231,0.615385,1.53846,0.230769,0,1,0,0,1.07692,0, 0, 0.461538
456.hmmer,456.hmmer_321,1,13,0,0.0769231,0.615385,1.53846,0.230769,0,1,0,0,1.07692,0, 0, 0.461538
456.hmmer,456.hmmer_322,1,10,0,0.1,0.6,2,0.2,0,1,0,0,1.1,0, 0, 0.3
456.hmmer,456.hmmer_323,2,13,0,0.0769231,0.615385,1.69231,0.230769,0,5,0,0,1.07692,0, 0, 0.307692
456.hmmer,456.hmmer_324,2,13,0,0.0769231,0.615385,1.69231,0.230769,0,1,0,0,1.07692,0, 0, 0.307692
456.hmmer,456.hmmer_325,1,280,0,0.0928571,0.592857,1.95714,0.157143,0.00714286,1,0,0,1.07857,0, 0.00714286, 0.3
456.hmmer,456.hmmer_326,1,8,0,0.125,0.5,1.75,0.25,0,1,0,0,1,0, 0, 0.25
456.hmmer,456.hmmer_327,1,29,0,0.0344828,0.689655,1.37931,0.137931,0,1,0,0,1.27586,0, 0.103448, 0.448276
456.hmmer,456.hmmer_328,2,6,0,0.333333,0.333333,2.33333,0,0.166667,1,0,0,1,0, 0, 0.166667
456.hmmer,456.hmmer_329,2,25,0,0.12,0.56,2,0.12,0.04,1,0,0,1.16,0, 0.08, 0.24
456.hmmer,456.hmmer_330,2,6,0,0.333333,0.333333,2.33333,0,0.166667,1,0,0,1,0, 0, 0.166667
456.hmmer,456.hmmer_331,2,7,0,0.285714,0.285714,1.57143,0.142857,0.142857,1,0,0,0.857143,0, 0, 0.285714
456.hmmer,456.hmmer_332,2,7,0,0.285714,0.285714,1.57143,0.142857,0.142857,1,0,0,0.857143,0, 0, 0.285714
456.hmmer,456.hmmer_333,2,25,0,0.12,0.56,2,0.12,0.04,1,0,0,1.16,0, 0.08, 0.24
456.hmmer,456.hmmer_334,2,6,0,0.333333,0.333333,2.33333,0,0.166667,1,0,0,1,0, 0, 0.166667
456.hmmer,456.hmmer_335,1,504,0,0.172619,0.515873,1.83929,0.0972222,0.0119048,1,0,0,1.05357,0, 0.093254, 0.27381
456.hmmer,456.hmmer_336,1,6,0,0.333333,0.333333,2.33333,0,0.166667,1,0,0,1,0, 0, 0.166667
456.hmmer,456.hmmer_337,1,56,0.107143,0.160714,0.589286,2.07143,0.0535714,0.0892857,1,0,0,1.44643,0, 0.0357143, 0.446429
456.hmmer,456.hmmer_338,1,1253,0,0.217079,0.461293,1.63288,0.110136,0.00239425,1,0,0,0.980048,0, 0.094174, 0.306464
456.hmmer,456.hmmer_339,1,150,0.0333333,0.166667,0.6,1.92,0.0133333,0.0333333,1,0,0,1.2,0, 0.06, 0.4
456.hmmer,456.hmmer_340,1,65,0,0.0615385,0.615385,1.69231,0.215385,0.0153846,1,0,0,1.13846,0, 0.0461538, 0.353846
456.hmmer,456.hmmer_341,1,17,0,0.176471,0.529412,1.64706,0.176471,0.0588235,1,0,0,0.882353,0, 0.0588235, 0.294118
456.hmmer,456.hmmer_342,1,20,0,0.2,0.55,1.65,0.05,0.1,1,0,0,1.05,0, 0.1, 0.3
456.hmmer,456.hmmer_343,1,6,0,0.333333,0.333333,2,0,0.166667,1,0,0,1.16667,0, 0, 0.333333
456.hmmer,456.hmmer_344,1,6,0,0.333333,0.333333,1.5,0.166667,0.166667,1,0,0,0.833333,0, 0, 0.333333
456.hmmer,456.hmmer_345,1,17,0,0.176471,0.529412,1.64706,0.176471,0.0588235,1,1,0,0.882353,0, 0.0588235, 0.294118
456.hmmer,456.hmmer_346,1,5,0,0.2,0.6,1.6,0,0,1,0,0,1.2,0, 0, 0.6
456.hmmer,456.hmmer_347,1,11,0,0.0909091,0.727273,1.90909,0,0.0909091,11,0,0,1.27273,0, 0.181818, 0.363636
456.hmmer,456.hmmer_348,1,9,0,0.111111,0.888889,1.66667,0,0,1,0,0,1.11111,0, 0.444444, 0.222222
456.hmmer,456.hmmer_349,1,129,0,0.147287,0.581395,1.64341,0.147287,0.0310078,1,0,0,1.09302,0, 0.0775194, 0.348837
456.hmmer,456.hmmer_350,1,6,0,0.166667,0.5,2,0,0.166667,11,0,0,1.16667,0, 0, 0.333333
456.hmmer,456.hmmer_351,1,27,0,0.185185,0.555556,1.66667,0.111111,0.0740741,1,0,0,1.07407,0, 0.037037, 0.37037
456.hmmer,456.hmmer_352,1,132,0,0.159091,0.643939,2.13636,0.0757576,0.0227273,1,0,0,1.05303,0, 0.0681818, 0.401515
456.hmmer,456.hmmer_353,1,4,0,0.25,0.5,1.5,0,0,1,0,0,1,0, 0.25, 0.25
456.hmmer,456.hmmer_354,1,35,0,0.2,0.485714,1.74286,0,0.0571429,1,0,0,1.14286,0, 0.0857143, 0.4
456.hmmer,456.hmmer_355,1,1,0,1,0,1,0,0,1,0,0,0,0, 0, 0
456.hmmer,456.hmmer_356,1,10,0,0.1,0.7,1.6,0.1,0,1,0,0,1.1,0, 0.1, 0.4
456.hmmer,456.hmmer_357,2,4,0,0.25,0.5,1.5,0,0,1,0,0,1,0, 0, 0.5
456.hmmer,456.hmmer_358,1,52,0,0.211538,0.538462,1.65385,0.0769231,0.0576923,1,0,0,1.01923,0, 0.0961538, 0.346154
456.hmmer,456.hmmer_359,1,10,0,0.2,0.5,1.5,0.1,0.1,1,0,0,1.1,0, 0, 0.4
456.hmmer,456.hmmer_360,1,18,0,0.166667,0.555556,1.55556,0.111111,0.0555556,1,0,0,1.16667,0, 0, 0.444444
456.hmmer,456.hmmer_361,1,26,0,0.153846,0.576923,1.57692,0.115385,0.0384615,1,0,0,1.19231,0, 0, 0.461538
456.hmmer,456.hmmer_362,1,20,0,0.15,0.55,1.45,0.15,0.05,1,0,0,1.05,0, 0.1, 0.35
456.hmmer,456.hmmer_363,3,13,0,0.0769231,0.692308,1.38462,0.153846,0,1,0,0,1.15385,0, 0.153846, 0.384615
456.hmmer,456.hmmer_364,2,76,0,0.157895,0.605263,1.57895,0.0789474,0.0394737,1,0,0,1.18421,0, 0.210526, 0.342105
456.hmmer,456.hmmer_365,2,13,0,0.0769231,0.692308,1.38462,0.153846,0,1,0,0,1.15385,0, 0.153846, 0.384615
456.hmmer,456.hmmer_366,1,18,0,0.277778,0.611111,1.55556,0,0.0555556,1,0,0,1,0, 0.333333, 0.277778
456.hmmer,456.hmmer_367,1,6,0,0.166667,0.666667,1.33333,0.166667,0,1,0,0,1,0, 0.166667, 0.333333
456.hmmer,456.hmmer_368,1,40,0,0.1,0.625,1.5,0.2,0.025,5,0,0,1.125,0, 0.025, 0.4
456.hmmer,456.hmmer_369,1,11,0,0.0909091,0.727273,2.09091,0.0909091,0,1,0,2,1.27273,0, 0.0909091, 0.272727
456.hmmer,456.hmmer_370,1,16,0,0.0625,0.6875,1.6875,0.1875,0,1,0,2,1.25,0, 0.0625, 0.375
456.hmmer,456.hmmer_371,1,56,0,0.107143,0.678571,1.60714,0.142857,0.0178571,1,0,0,1.07143,0, 0, 0.428571
456.hmmer,456.hmmer_372,1,16,0.25,0.0625,0.25,1.625,0.25,0,1,0,0,1,0, 0.0625, 0.125
456.hmmer,456.hmmer_373,1,37,0.108108,0.108108,0.513514,1.35135,0.243243,0.027027,1,0,0,1.13514,0, 0.0540541, 0.351351
456.hmmer,456.hmmer_374,1,27,0.148148,0.111111,0.444444,1.37037,0.259259,0.037037,20001,0,0,1.14815,0, 0.037037, 0.333333
456.hmmer,456.hmmer_375,1,16,0.0625,0.1875,0.625,1.375,0.125,0.0625,1,0,0,1.125,0, 0.0625, 0.4375
456.hmmer,456.hmmer_376,1,74,0.121622,0.0135135,0.594595,1.35135,0.22973,0,1,0,0,1.28378,0, 0.0810811, 0.405405
456.hmmer,456.hmmer_377,1,12,0,0.0833333,0.666667,1.33333,0.166667,0,1,0,0,1.16667,0, 0.0833333, 0.416667
456.hmmer,456.hmmer_378,1,0,0,0,0,0,0,0,1,0,0,0,0, 0, 0
456.hmmer,456.hmmer_379,1,41,0.243902,0.097561,0.243902,1.56098,0.243902,0.0243902,1,0,0,1.09756,0, 0.0487805, 0.195122
456.hmmer,456.hmmer_380,1,12,0.0833333,0.0833333,0.5,1.41667,0.25,0,1,0,0,1.16667,0, 0.0833333, 0.333333
456.hmmer,456.hmmer_381,1,50,0.12,0.06,0.52,1.36,0.26,0.02,1,0,0,1.2,0, 0.06, 0.36
456.hmmer,456.hmmer_382,1,12,0,0.25,0.416667,2.16667,0,0.166667,1,0,0,0.75,0, 0.25, 0.166667
456.hmmer,456.hmmer_383,2,0,0,0,0,0,0,0,1,0,0,0,0, 0, 0
456.hmmer,456.hmmer_384,1,14,0,0.285714,0.428571,1.35714,0.142857,0.0714286,1,0,0,0.857143,0, 0.0714286, 0.357143
456.hmmer,456.hmmer_385,1,75,0,0.106667,0.586667,1.54667,0.173333,0.0133333,1,0,0,1.09333,0, 0.04, 0.373333
456.hmmer,456.hmmer_386,1,7,0,0.142857,0.571429,1.28571,0.142857,0,1,0,0,1,0, 0, 0.428571
456.hmmer,456.hmmer_387,1,18,0,0.0555556,0.555556,1.55556,0.166667,0.0555556,1,0,0,1.11111,0, 0.0555556, 0.333333
456.hmmer,456.hmmer_388,1,20,0,0.05,0.75,1.45,0.15,0,1,0,0,1.25,0, 0, 0.55
456.hmmer,456.hmmer_389,1,13,0,0.230769,0.461538,1.53846,0.0769231,0.0769231,1,0,0,1,0, 0.0769231, 0.307692
456.hmmer,456.hmmer_390,1,16,0,0.1875,0.5625,1.5625,0.0625,0.0625,1,0,0,1.0625,0, 0.0625, 0.375
456.hmmer,456.hmmer_391,1,13,0,0.230769,0.461538,1.53846,0.0769231,0.0769231,1,0,0,1,0, 0.0769231, 0.307692
456.hmmer,456.hmmer_392,2,75,0,0.0933333,0.626667,1.49333,0.2,0.0133333,1,0,0,1.12,0, 0.0133333, 0.413333
456.hmmer,456.hmmer_393,1,38,0.0526316,0.131579,0.552632,1.5,0.131579,0.0263158,1,0,0,1.07895,0, 0.131579, 0.315789
456.hmmer,456.hmmer_394,1,8,0,0.125,0.5,1.25,0.25,0,1,0,0,1,0, 0, 0.375
456.hmmer,456.hmmer_395,1,15,0,0.0666667,0.666667,1.4,0.133333,0,1,0,0,1.2,0, 0.133333, 0.4
456.hmmer,456.hmmer_396,1,6,0,0.166667,0.666667,1.33333,0.166667,0,1,0,0,1,0, 0.166667, 0.333333
456.hmmer,456.hmmer_397,2,86,0.0232558,0.0930233,0.593023,1.51163,0.174419,0.0116279,1,0,0,1.12791,0, 0.0232558, 0.395349
456.hmmer,456.hmmer_398,1,18,0.0555556,0.222222,0.666667,1.44444,0.0555556,0.0555556,1,0,0,1.11111,0, 0.222222, 0.388889
456.hmmer,456.hmmer_399,2,34,0.117647,0.117647,0.5,1.5,0.205882,0.0294118,1,0,1,1.14706,0, 0.0294118, 0.323529
456.hmmer,456.hmmer_400,2,6,0,0.166667,0.666667,1.33333,0.166667,0,1,0,0,1,0, 0.166667, 0.333333
456.hmmer,456.hmmer_401,3,84,0,0.0833333,0.595238,1.5119,0.190476,0.0119048,1,0,0,1.11905,0, 0.0119048, 0.392857
456.hmmer,456.hmmer_402,2,205,0.131707,0.136585,0.526829,1.85854,0.0926829,0.0097561,1,0,7,1.1122,0, 0.0585366, 0.268293
456.hmmer,456.hmmer_403,1,57,0.0526316,0.0877193,0.701754,1.80702,0.0701754,0,1,0,1,1.17544,0, 0.0877193, 0.385965
456.hmmer,456.hmmer_404,2,92,0,0.0869565,0.586957,1.55435,0.184783,0.0108696,1,0,0,1.09783,0, 0.0108696, 0.380435
456.hmmer,456.hmmer_405,1,4,0,0.5,0.5,1.25,0,0,1,0,0,0.75,0, 0.25, 0.25
456.hmmer,456.hmmer_406,2,80,0,0.0875,0.5875,1.525,0.1875,0.0125,1,0,0,1.1125,0, 0.0125, 0.3875
456.hmmer,456.hmmer_407,1,14,0.142857,0.214286,0.5,1.57143,0.142857,0.0714286,1,0,0,1,0, 0.142857, 0.285714
456.hmmer,456.hmmer_408,1,34,0.117647,0.117647,0.5,1.5,0.205882,0.0294118,1,0,1,1.14706,0, 0.0294118, 0.323529
456.hmmer,456.hmmer_409,2,99,0,0.0707071,0.646465,1.48485,0.20202,0.010101,1,0,0,1.14141,0, 0, 0.434343
456.hmmer,456.hmmer_410,1,3,0,0.666667,0.333333,1.33333,0,0,1,0,0,0.333333,0, 0.333333, 0
456.hmmer,456.hmmer_411,1,20,0,0.05,0.5,1.6,0.2,0,1,0,0,1.05,0, 0.05, 0.35
456.hmmer,456.hmmer_412,1,31,0.0967742,0.0322581,0.709677,1.48387,0.129032,0,1,0,0,1.22581,0, 0.0645161, 0.451613
456.hmmer,456.hmmer_413,1,422,0.0189573,0.0971564,0.599526,1.40284,0.21564,0.00473934,1,0,0,1.15403,0, 0.0165877, 0.417062
456.hmmer,456.hmmer_414,3,0,0,0,0,0,0,0,1,0,0,0,0, 0, 0
456.hmmer,456.hmmer_415,2,647,0,0.0633694,0.669243,1.45904,0.183926,0.00309119,1,0,0,1.16229,0, 0.0602782, 0.417311
456.hmmer,456.hmmer_416,1,117,0,0.017094,0.820513,1.54701,0.128205,0,1,0,0,1.1453,0, 0.128205, 0.42735
456.hmmer,456.hmmer_417,1,121,0,0.0991736,0.520661,1.45455,0.190083,0.00826446,1,0,0,1.05785,0, 0.0413223, 0.330579
456.hmmer,456.hmmer_418,1,121,0,0.0991736,0.520661,1.45455,0.190083,0.00826446,1,0,0,1.05785,0, 0.0413223, 0.330579
456.hmmer,456.hmmer_419,1,121,0,0.0991736,0.520661,1.45455,0.190083,0.00826446,1,0,0,1.05785,0, 0.0413223, 0.330579
456.hmmer,456.hmmer_420,1,20,0,0.15,0.6,1.55,0.1,0.05,1,0,0,1.1,0, 0.1, 0.35
456.hmmer,456.hmmer_421,1,43,0,0.139535,0.534884,1.53488,0.162791,0.0465116,1,0,0,1.04651,0, 0.0465116, 0.325581
456.hmmer,456.hmmer_422,1,43,0,0.139535,0.534884,1.53488,0.162791,0.0465116,1,0,0,1.04651,0, 0.0465116, 0.325581
456.hmmer,456.hmmer_423,1,43,0,0.139535,0.534884,1.53488,0.162791,0.0465116,1,0,0,1.04651,0, 0.0465116, 0.325581
456.hmmer,456.hmmer_424,1,545,0,0.0513761,0.710092,1.57064,0.13578,0.00366972,1,0,0,1.14128,0, 0.0844037, 0.409174
456.hmmer,456.hmmer_425,1,13,0,0.0769231,0.769231,1.76923,0.153846,0,1,0,0,1.07692,0, 0.153846, 0.307692
456.hmmer,456.hmmer_426,1,46,0,0.0869565,0.695652,1.6087,0.130435,0.0217391,1,0,0,1.06522,0, 0.108696, 0.369565
456.hmmer,456.hmmer_427,2,12,0,0.0833333,0.75,1.41667,0.166667,0,7,0,0,1.08333,0, 0.0833333, 0.416667
456.hmmer,456.hmmer_428,1,42,0,0.0952381,0.666667,1.61905,0.142857,0.0238095,1,0,0,1.09524,0, 0.047619, 0.404762
456.hmmer,456.hmmer_429,2,12,0,0.0833333,0.75,1.41667,0.166667,0,1,0,0,1.08333,0, 0.0833333, 0.416667
456.hmmer,456.hmmer_430,1,42,0,0.0952381,0.666667,1.61905,0.142857,0.0238095,1,0,0,1.09524,0, 0.047619, 0.404762
456.hmmer,456.hmmer_431,1,179,0,0.100559,0.703911,1.67039,0.106145,0.00558659,1,0,0,1.06145,0, 0.0726257, 0.396648
456.hmmer,456.hmmer_432,1,8,0,0.125,0.75,1.5,0.125,0,1,0,0,1,0, 0.125, 0.375
456.hmmer,456.hmmer_433,1,8,0,0.125,0.75,1.5,0.125,0,1,0,0,1,0, 0.125, 0.375
456.hmmer,456.hmmer_434,1,10,0,0.1,0.8,1.5,0.1,0,1,0,0,1,0, 0.1, 0.4
456.hmmer,456.hmmer_435,1,14,0,0.0714286,0.785714,1.5,0.142857,0,1,0,0,1.07143,0, 0.0714286, 0.428571
456.hmmer,456.hmmer_436,1,10,0,0.1,0.8,1.5,0.1,0,1,0,0,1,0, 0.1, 0.4
456.hmmer,456.hmmer_437,1,14,0,0.0714286,0.785714,1.5,0.142857,0,1,0,0,1.07143,0, 0.0714286, 0.428571
456.hmmer,456.hmmer_438,1,220,0.00454545,0.140909,0.668182,1.70455,0.0727273,0.0136364,1,0,0,1.05909,0, 0, 0.445455
456.hmmer,456.hmmer_439,2,15,0,0.0666667,0.8,1.53333,0.133333,0,1,0,0,1.06667,0, 0.133333, 0.4
456.hmmer,456.hmmer_440,2,15,0,0.0666667,0.8,1.53333,0.133333,0,1,0,0,1.06667,0, 0.133333, 0.4
456.hmmer,456.hmmer_441,1,261,0,0.0574713,0.731801,1.72414,0.114943,0.00766284,1,0,1,1.13027,0, 0.0421456, 0.417625
456.hmmer,456.hmmer_442,2,71,0,0.084507,0.633803,1.49296,0.211268,0.0140845,1,0,0,1.12676,0, 0, 0.422535
456.hmmer,456.hmmer_443,1,22,0,0.272727,0.590909,1.45455,0.0909091,0.0454545,1,0,0,0.909091,0, 0.136364, 0.318182
456.hmmer,456.hmmer_444,1,12,0,0.0833333,0.75,1.41667,0.166667,0,1,0,0,1.08333,0, 0.0833333, 0.416667
456.hmmer,456.hmmer_445,2,30,0,0.1,0.7,1.43333,0.166667,0.0333333,1,0,0,1.1,0, 0.0333333, 0.433333
456.hmmer,456.hmmer_446,1,66,0,0.121212,0.69697,1.57576,0.121212,0.0151515,1,0,0,1.06061,0, 0.0606061, 0.409091
456.hmmer,456.hmmer_447,3,45,0,0.0666667,0.733333,1.4,0.177778,0.0222222,1,0,0,1.15556,0, 0.0222222, 0.466667
456.hmmer,456.hmmer_448,2,99,0,0.0808081,0.737374,1.50505,0.141414,0.010101,1,0,0,1.13131,0, 0.040404, 0.454545
456.hmmer,456.hmmer_449,2,23,0,0.0434783,0.782609,1.3913,0.173913,0,1,0,0,1.17391,0, 0.0434783, 0.478261
456.hmmer,456.hmmer_450,1,81,0,0.160494,0.679012,1.58025,0.0864198,0.0246914,1,0,0,1.04938,0, 0.0740741, 0.407407
456.hmmer,456.hmmer_451,2,71,0,0.084507,0.633803,1.49296,0.211268,0.0140845,1,0,0,1.12676,0, 0, 0.422535
456.hmmer,456.hmmer_452,1,22,0,0.272727,0.590909,1.45455,0.0909091,0.0454545,1,0,0,0.909091,0, 0.136364, 0.318182
456.hmmer,456.hmmer_453,1,25,0,0.04,0.8,1.72,0.16,0,1,0,2,1.2,0, 0.08, 0.4
456.hmmer,456.hmmer_454,1,197,0,0.0862944,0.705584,1.67005,0.101523,0.0101523,1,0,0,1.11675,0, 0.0406091, 0.441624
456.hmmer,456.hmmer_455,1,12,0,0.25,0.5,1.5,0.0833333,0.0833333,7,0,0,1,0, 0.0833333, 0.333333
456.hmmer,456.hmmer_456,1,13,0.0769231,0.0769231,0.615385,1.46154,0.153846,0,1,0,0,1.15385,0, 0.0769231, 0.384615
456.hmmer,456.hmmer_457,2,29,0,0.172414,0.62069,1.48276,0.103448,0.0344828,1,0,0,1.03448,0, 0.103448, 0.413793
456.hmmer,456.hmmer_458,1,34,0,0.117647,0.735294,1.58824,0.0882353,0.0294118,1,0,0,1.08824,0, 0.0882353, 0.441176
456.hmmer,456.hmmer_459,1,71,0,0.140845,0.549296,1.66197,0.126761,0.0422535,1,0,0,1.11268,0, 0.0704225, 0.352113
456.hmmer,456.hmmer_460,2,12,0,0.25,0.333333,1.58333,0.166667,0.166667,1,0,0,0.916667,0, 0, 0.333333
456.hmmer,456.hmmer_461,1,100,0,0.14,0.63,1.73,0.06,0.03,1,0,0,1.13,0, 0.11, 0.38
456.hmmer,456.hmmer_462,1,17,0,0.294118,0.294118,2,0,0.0588235,1,0,0,0.941176,0, 0, 0.294118
456.hmmer,456.hmmer_463,3,15,0,0.2,0.4,1.66667,0.133333,0.0666667,1,0,0,1,0, 0, 0.333333
456.hmmer,456.hmmer_464,2,25,0,0.08,0.68,1.72,0.12,0,1,0,0,1.16,0, 0.08, 0.4
456.hmmer,456.hmmer_465,1,45,0,0.177778,0.488889,1.82222,0,0.0222222,1,0,0,1.11111,0, 0.0444444, 0.4
456.hmmer,456.hmmer_466,1,30,0,0.0333333,0.766667,1.63333,0.133333,0,1,0,0,1.3,0, 0, 0.566667
456.hmmer,456.hmmer_467,1,10,0,0.1,0.7,1.6,0.1,0,1,0,0,1.1,0, 0, 0.5
456.hmmer,456.hmmer_468,1,17,0,0.176471,0.588235,1.52941,0.117647,0.0588235,1,0,0,1.11765,0, 0.117647, 0.352941
456.hmmer,456.hmmer_469,2,32,0,0.25,0.375,1.65625,0.15625,0.03125,1,0,0,0.90625,0, 0.03125, 0.34375
456.hmmer,456.hmmer_470,2,29,0,0.241379,0.413793,1.55172,0.172414,0.0344828,1,0,0,0.931034,0, 0.0344828, 0.37931
456.hmmer,456.hmmer_471,2,74,0,0.108108,0.567568,1.44595,0.22973,0.0135135,1,0,0,1.12162,0, 0.0135135, 0.391892
456.hmmer,456.hmmer_472,1,15,0,0.266667,0.6,1.4,0.0666667,0,1,0,0,0.933333,0, 0.133333, 0.333333
456.hmmer,456.hmmer_473,2,26,0,0.192308,0.423077,1.46154,0.192308,0.0384615,1,0,0,0.923077,0, 0.0384615, 0.346154
456.hmmer,456.hmmer_474,1,8,0,0.25,0.625,1.25,0.125,0,1,0,0,1,0, 0.125, 0.375
456.hmmer,456.hmmer_475,1,30,0,0.0333333,0.766667,1.53333,0.133333,0,1,0,0,1.2,0, 0.0666667, 0.466667
456.hmmer,456.hmmer_476,1,87,0,0.103448,0.655172,1.78161,0.0804598,0.0229885,1,0,1,1.14943,0, 0.091954, 0.367816
456.hmmer,456.hmmer_477,1,4,0,0.25,0.25,2.75,0,0.25,1,0,0,1.25,0, 0.25, 0
456.hmmer,456.hmmer_478,2,37,0,0.108108,0.648649,1.78378,0.135135,0.027027,1,0,0,1.16216,0, 0.027027, 0.378378
456.hmmer,456.hmmer_479,1,9,0,0.444444,0.333333,1.66667,0,0.111111,1,0,0,0.666667,0, 0.111111, 0.222222
456.hmmer,456.hmmer_480,1,10,0,0.1,0.8,1.5,0.1,0,1,2,0,1,0, 0.1, 0.4
456.hmmer,456.hmmer_481,1,18,0,0.0555556,0.777778,1.5,0.111111,0,1,2,0,1.16667,0, 0.0555556, 0.444444
456.hmmer,456.hmmer_482,1,36,0,0.0277778,0.777778,1.52778,0.111111,0,1,2,0,1.19444,0, 0.0555556, 0.444444
456.hmmer,456.hmmer_483,1,54,0,0.0555556,0.759259,1.55556,0.111111,0.0185185,8,2,0,1.14815,0, 0.0555556, 0.425926
456.hmmer,456.hmmer_484,1,8,0,0.125,0.625,2.125,0.125,0,8,0,0,1,0, 0, 0.25
456.hmmer,456.hmmer_485,1,27,0,0.037037,0.740741,1.66667,0.111111,0,24,0,0,1.07407,0, 0, 0.518519
456.hmmer,456.hmmer_486,1,20,0,0.15,0.6,1.65,0.05,0.05,1,1,0,1.05,0, 0, 0.45
456.hmmer,456.hmmer_487,1,12,0,0.0833333,0.5,1.33333,0.25,0,5,1,0,1.16667,0, 0.0833333, 0.333333
456.hmmer,456.hmmer_488,1,12,0,0.0833333,0.75,1.5,0.166667,0,1,0,0,1.16667,0, 0.0833333, 0.416667
456.hmmer,456.hmmer_489,1,156,0.0769231,0.128205,0.519231,1.49359,0.198718,0.0128205,1,1,0,1.05128,0, 0.0320513, 0.333333
456.hmmer,456.hmmer_490,1,177,0.0734463,0.118644,0.514124,1.52542,0.186441,0.0169492,1,1,0,1.0565,0, 0.0338983, 0.327684
456.hmmer,456.hmmer_491,1,149,0,0.00671141,0.852349,1.58389,0.0939597,0,1,1,0,1.16779,0, 0.0469799, 0.489933
456.hmmer,456.hmmer_492,2,66,0,0.0454545,0.757576,1.5303,0.151515,0.0151515,1,10,2,1.19697,0, 0.030303, 0.469697
456.hmmer,456.hmmer_493,2,54,0,0.0555556,0.777778,1.64815,0.111111,0.0185185,1,10,2,1.2037,0, 0.037037, 0.462963
456.hmmer,456.hmmer_494,1,6,0,0.5,0.5,1.33333,0,0,1,1,0,0.5,0, 0.333333, 0.166667
456.hmmer,456.hmmer_495,1,61,0.114754,0.0983607,0.540984,1.42623,0.196721,0.0327869,1,76,0,1.16393,0, 0.0327869, 0.377049
456.hmmer,456.hmmer_496,1,8,0,0.125,0.625,2,0.125,0,1,2,0,1,0, 0, 0.25
456.hmmer,456.hmmer_497,1,58,0.0517241,0.0172414,0.724138,1.58621,0.137931,0,1,2,0,1.17241,0, 0.0344828, 0.448276
456.hmmer,456.hmmer_498,1,10,0,0.1,0.7,1.5,0.1,0,1,2,0,1,0, 0, 0.5
456.hmmer,456.hmmer_499,1,10,0,0.1,0.7,1.5,0.1,0,5,2,0,1,0, 0, 0.5
456.hmmer,456.hmmer_500,1,32,0.09375,0.03125,0.65625,1.5625,0.15625,0,1,0,0,1.1875,0, 0.03125, 0.4375
456.hmmer,456.hmmer_501,1,19,0.157895,0.0526316,0.473684,1.42105,0.263158,0,1,0,0,1.15789,0, 0.0526316, 0.315789
456.hmmer,456.hmmer_502,1,19,0.157895,0.0526316,0.473684,1.42105,0.263158,0,1,0,0,1.15789,0, 0.0526316, 0.315789
456.hmmer,456.hmmer_503,2,115,0.0695652,0.00869565,0.678261,1.36522,0.226087,0,1,0,0,1.25217,0, 0.0347826, 0.452174
456.hmmer,456.hmmer_504,1,22,0,0.0909091,0.772727,1.72727,0.0454545,0,1,0,0,1.04545,0, 0.181818, 0.363636
456.hmmer,456.hmmer_505,1,38,0.131579,0.131579,0.657895,1.5,0.0526316,0.0526316,1,0,0,1.28947,0, 0.131579, 0.473684
456.hmmer,456.hmmer_506,1,13,0,0.0769231,0.769231,1.69231,0.153846,0,65,0,1,1.15385,0, 0.0769231, 0.384615
456.hmmer,456.hmmer_507,2,23,0,0.0434783,0.782609,1.52174,0.173913,0,1,0,1,1.17391,0, 0.0434783, 0.434783
456.hmmer,456.hmmer_508,1,3,0,0.666667,0.333333,1.33333,0,0,1,0,0,0.333333,0, 0.333333, 0
456.hmmer,456.hmmer_509,2,23,0,0.0434783,0.782609,1.52174,0.173913,0,1,0,1,1.17391,0, 0.0434783, 0.434783
456.hmmer,456.hmmer_510,1,3,0,0.666667,0.333333,1.33333,0,0,1,0,0,0.333333,0, 0.333333, 0
456.hmmer,456.hmmer_511,1,127,0,0.00787402,0.88189,1.66142,0.110236,0,1,0,7,1.15748,0, 0.0551181, 0.440945
456.hmmer,456.hmmer_512,2,34,0,0.0294118,0.794118,1.70588,0.176471,0,1,0,0,1.14706,0, 0.0882353, 0.352941
456.hmmer,456.hmmer_513,2,34,0,0.0294118,0.794118,1.70588,0.176471,0,1,0,0,1.14706,0, 0.0882353, 0.352941
456.hmmer,456.hmmer_514,1,5,0,0.6,0.4,1.4,0,0,1,0,0,0.4,0, 0.4, 0
456.hmmer,456.hmmer_515,1,56,0,0.0892857,0.696429,1.91071,0.0892857,0.0178571,4,0,0,1.03571,0, 0, 0.339286
456.hmmer,456.hmmer_516,1,10,0,0.1,0.7,1.4,0.2,0,1,0,1,1.1,0, 0.1, 0.4
456.hmmer,456.hmmer_517,1,6,0,0.166667,0.666667,1.33333,0.166667,0,1,0,0,1,0, 0.166667, 0.333333
456.hmmer,456.hmmer_518,2,34,0,0.0294118,0.735294,1.41176,0.147059,0,1,0,0,1.20588,0, 0.0294118, 0.470588
456.hmmer,456.hmmer_519,2,245,0,0.00408163,0.726531,1.41633,0.167347,0,1,0,0,1.23673,0, 0.0204082, 0.473469
456.hmmer,456.hmmer_520,1,245,0,0.0204082,0.779592,1.58367,0.110204,0.00408163,1,0,7,1.17959,0, 0.0408163, 0.440816
456.hmmer,456.hmmer_521,1,70,0,0.0142857,0.757143,1.34286,0.2,0,1,0,0,1.22857,0, 0.0571429, 0.471429
456.hmmer,456.hmmer_522,2,248,0,0.00403226,0.75,1.48387,0.141129,0,1,0,0,1.21774,0, 0.0282258, 0.471774
456.hmmer,456.hmmer_523,1,331,0,0.0060423,0.794562,1.58308,0.10574,0,1,0,3,1.17221,0, 0.0362538, 0.459215
456.hmmer,456.hmmer_524,2,353,0,0.0481586,0.708215,1.36827,0.184136,0.00283286,1,0,0,1.23796,0, 0.0594901, 0.456091
456.hmmer,456.hmmer_525,2,29,0,0.103448,0.724138,1.37931,0.137931,0.0344828,1,0,0,1.17241,0, 0.0689655, 0.448276
456.hmmer,456.hmmer_526,1,248,0,0.0685484,0.766129,1.46774,0.112903,0.00403226,1,0,0,1.15323,0, 0.0967742, 0.431452
456.hmmer,456.hmmer_527,1,22,0,0.0454545,0.818182,1.40909,0.136364,0,1,0,0,1.09091,0, 0.136364, 0.409091
456.hmmer,456.hmmer_528,2,22,0,0.136364,0.636364,1.45455,0.136364,0.0909091,1,0,0,1.13636,0, 0, 0.454545
456.hmmer,456.hmmer_529,1,937,0,0.0875133,0.694771,1.55816,0.116329,0.00320171,1,0,0,1.12593,0, 0.0789755, 0.411953
456.hmmer,456.hmmer_530,1,119,0,0.0756303,0.697479,1.54622,0.134454,0.00840336,1,0,0,1.12605,0, 0.0588235, 0.420168
456.hmmer,456.hmmer_531,2,17,0,0.0588235,0.705882,1.64706,0.235294,0,1,0,1,1.17647,0, 0.0588235, 0.352941
456.hmmer,456.hmmer_532,1,13,0,0.153846,0.692308,1.61538,0.153846,0,1,0,1,1,0, 0.153846, 0.307692
456.hmmer,456.hmmer_533,2,14,0,0.0714286,0.571429,1.71429,0.214286,0,1,0,0,1.14286,0, 0.0714286, 0.285714
456.hmmer,456.hmmer_534,1,13,0,0.153846,0.538462,1.69231,0.153846,0,21,0,0,1,0, 0.153846, 0.230769
456.hmmer,456.hmmer_535,2,14,0,0.0714286,0.571429,1.71429,0.214286,0,1,0,0,1.14286,0, 0.0714286, 0.285714
456.hmmer,456.hmmer_536,1,13,0,0.153846,0.538462,1.69231,0.153846,0,1,0,0,1,0, 0.153846, 0.230769
456.hmmer,456.hmmer_537,2,14,0,0.0714286,0.571429,1.71429,0.214286,0,1,0,0,1.14286,0, 0.0714286, 0.285714
456.hmmer,456.hmmer_538,1,13,0,0.153846,0.538462,1.69231,0.153846,0,1,0,0,1,0, 0.153846, 0.230769
456.hmmer,456.hmmer_539,1,28,0.0357143,0.0357143,0.678571,1.82143,0.178571,0,1,0,0,1.10714,0, 0.0357143, 0.357143
456.hmmer,456.hmmer_540,2,45,0.0444444,0.0222222,0.577778,1.48889,0.288889,0,8,0,1,1.17778,0, 0.0666667, 0.333333
456.hmmer,456.hmmer_541,1,3,0,0.666667,0.333333,1.33333,0,0,1,0,0,0.333333,0, 0.333333, 0
456.hmmer,456.hmmer_542,1,10,0,0.1,0.7,1.4,0.2,0,1,1,1,1.1,0, 0.1, 0.4
456.hmmer,456.hmmer_543,1,11,0.0909091,0.0909091,0.454545,1.27273,0.363636,0,1,0,0,1,0, 0.0909091, 0.272727
456.hmmer,456.hmmer_544,1,14,0,0.142857,0.5,1.64286,0.142857,0.0714286,1,0,0,1.14286,0, 0.142857, 0.285714
456.hmmer,456.hmmer_545,1,202,0,0.0940594,0.727723,1.86139,0.0742574,0.00990099,1,0,0,1.11881,0, 0.0148515, 0.415842
456.hmmer,456.hmmer_546,2,121,0.140496,0.0413223,0.669421,1.77686,0.140496,0,1,0,0,1.27273,0, 0.0247934, 0.396694
456.hmmer,456.hmmer_547,1,10,0,0.2,0.7,1.4,0.1,0,1,0,0,1,0, 0.3, 0.3
456.hmmer,456.hmmer_548,1,70,0.0571429,0.0571429,0.642857,1.75714,0.171429,0.0142857,1,0,4,1.22857,0, 0.0571429, 0.314286
456.hmmer,456.hmmer_549,1,10,0,0.1,0.7,1.4,0.2,0,1,0,1,1.2,0, 0.1, 0.4
456.hmmer,456.hmmer_550,2,35,0.142857,0.0285714,0.657143,1.51429,0.142857,0,8,0,0,1.31429,0, 0.0571429, 0.428571
456.hmmer,456.hmmer_551,1,10,0,0.2,0.7,1.4,0.1,0,1,0,0,1,0, 0.3, 0.3
456.hmmer,456.hmmer_552,1,38,0.0526316,0.105263,0.552632,1.52632,0.210526,0.0263158,1,0,2,1.15789,0, 0.0526316, 0.342105
456.hmmer,456.hmmer_553,1,10,0,0.1,0.7,1.4,0.2,0,1,0,0,1.2,0, 0.1, 0.4
456.hmmer,456.hmmer_554,1,64,0,0.3125,0.484375,1.89062,0.125,0.015625,1,0,0,0.78125,0, 0.296875, 0.171875
456.hmmer,456.hmmer_555,1,7,0,0.142857,0.571429,1.57143,0.142857,0,1,0,0,1.14286,0, 0.285714, 0.285714
456.hmmer,456.hmmer_556,1,12,0,0.0833333,0.583333,1.5,0.25,0,1,0,0,1.25,0, 0.166667, 0.333333
456.hmmer,456.hmmer_557,1,16,0,0.125,0.5625,1.625,0.0625,0.0625,1,0,0,1.25,0, 0.1875, 0.375
456.hmmer,456.hmmer_558,1,6,0,0.166667,0.5,1.66667,0,0.166667,1,0,0,1.33333,0, 0, 0.5
456.hmmer,456.hmmer_559,1,19,0,0.105263,0.631579,1.47368,0.157895,0.0526316,1,0,0,1.21053,0, 0.105263, 0.421053
456.hmmer,456.hmmer_560,2,30,0,0.233333,0.4,1.56667,0.166667,0.0333333,1,0,0,0.966667,0, 0.0333333, 0.366667
456.hmmer,456.hmmer_561,1,28,0,0.0714286,0.785714,1.57143,0.107143,0,1,0,0,1.14286,0, 0.142857, 0.392857
456.hmmer,456.hmmer_562,1,10,0,0.1,0.7,1.3,0.2,0,1,0,0,1.1,0, 0.1, 0.4
456.hmmer,456.hmmer_563,2,89,0,0.0786517,0.640449,1.44944,0.213483,0.011236,1,0,0,1.1573,0, 0.0224719, 0.41573
456.hmmer,456.hmmer_564,2,89,0,0.0786517,0.640449,1.44944,0.213483,0.011236,1,0,0,1.1573,0, 0.0224719, 0.41573
456.hmmer,456.hmmer_565,1,55,0,0.127273,0.690909,1.65455,0.109091,0.0181818,1,0,0,1.01818,0, 0.109091, 0.327273
456.hmmer,456.hmmer_566,3,18,0,0.166667,0.388889,2.5,0.0555556,0.0555556,1,0,0,1.11111,0, 0.0555556, 0.111111
456.hmmer,456.hmmer_567,2,441,0,0.183673,0.498866,1.69388,0.113379,0.00907029,1,0,0,1.03401,0, 0.0566893, 0.328798
456.hmmer,456.hmmer_568,2,20,0,0.25,0.35,2.35,0.05,0.05,1,0,0,1,0, 0.05, 0.1
456.hmmer,456.hmmer_569,1,24,0,0.25,0.541667,1.45833,0.0833333,0,1,0,0,0.958333,0, 0.0833333, 0.291667
456.hmmer,456.hmmer_570,1,977,0,0.203685,0.461617,1.71034,0.09826,0.00409417,1,0,0,0.979529,0, 0.0972364, 0.288639
456.hmmer,456.hmmer_571,1,61,0,0.0819672,0.57377,1.77049,0.131148,0.0163934,1,0,0,1.08197,0, 0.0491803, 0.311475
456.hmmer,456.hmmer_572,1,18,0,0.0555556,0.666667,1.55556,0.111111,0,1,0,0,1.22222,0, 0.0555556, 0.388889
456.hmmer,456.hmmer_573,3,1,0,1,0,1,0,0,1,0,0,0,0, 0, 0
456.hmmer,456.hmmer_574,3,56,0,0.232143,0.464286,2.14286,0.0357143,0.0178571,1,0,0,0.964286,0, 0.0892857, 0.142857
456.hmmer,456.hmmer_575,2,131,0,0.137405,0.541985,1.74046,0.175573,0.0305344,1,0,2,1.07634,0, 0.0763359, 0.251908
456.hmmer,456.hmmer_576,2,15,0,0.2,0.4,2.13333,0.0666667,0.133333,1,0,0,1,0, 0.0666667, 0.133333
456.hmmer,456.hmmer_577,1,50,0,0.22,0.48,1.68,0.12,0.04,1,0,0,0.96,0, 0.16, 0.24
456.hmmer,456.hmmer_578,1,34,0,0.294118,0.352941,2.17647,0.0588235,0.0588235,1,0,0,0.882353,0, 0.0882353, 0.0882353
456.hmmer,456.hmmer_579,1,55,0,0.254545,0.563636,1.47273,0.0727273,0.0545455,1,0,0,0.981818,0, 0.109091, 0.418182
456.hmmer,456.hmmer_580,1,9,0,0.333333,0.555556,1.55556,0,0.111111,1,0,0,0.888889,0, 0.111111, 0.333333
456.hmmer,456.hmmer_581,2,110,0,0.0636364,0.709091,1.63636,0.136364,0.00909091,1,0,0,1.22727,0, 0.0272727, 0.5
456.hmmer,456.hmmer_582,1,61,0,0.131148,0.639344,1.72131,0.0983607,0.0327869,1,0,0,1.14754,0, 0.0491803, 0.459016
456.hmmer,456.hmmer_583,1,68,0,0.132353,0.661765,1.70588,0.102941,0.0147059,1,0,0,1.10294,0, 0, 0.455882
456.hmmer,456.hmmer_584,1,10,0,0.1,0.7,1.6,0.1,0,1,0,0,1.1,0, 0, 0.5
456.hmmer,456.hmmer_585,1,17,0,0.176471,0.588235,1.52941,0.117647,0.0588235,1,0,0,1.11765,0, 0.117647, 0.352941
456.hmmer,456.hmmer_586,2,83,0,0.0843373,0.614458,1.38554,0.228916,0.0120482,1,0,0,1.16867,0, 0.0240964, 0.421687
456.hmmer,456.hmmer_587,1,31,0,0.0645161,0.612903,1.48387,0.193548,0,1,0,0,1.12903,0, 0.16129, 0.322581
456.hmmer,456.hmmer_588,1,87,0,0.356322,0.241379,2.42529,0.0114943,0.0229885,1,0,0,0.862069,0, 0.0344828, 0.045977
456.hmmer,456.hmmer_589,1,6,0,0.333333,0.333333,1.66667,0,0.166667,1,0,0,1,0, 0, 0.333333
456.hmmer,456.hmmer_590,1,27,0,0.185185,0.444444,1.51852,0.148148,0.111111,1,0,0,1.07407,0, 0.037037, 0.407407
456.hmmer,456.hmmer_591,1,13,0,0.230769,0.461538,1.76923,0.0769231,0.153846,1,0,0,1.07692,0, 0.0769231, 0.307692
456.hmmer,456.hmmer_592,1,25,0,0.16,0.44,1.6,0.12,0.12,1,0,0,1.16,0, 0.08, 0.36
456.hmmer,456.hmmer_593,2,6,0,0.5,0.166667,1.66667,0,0.166667,1,0,0,0.666667,0, 0, 0.166667
456.hmmer,456.hmmer_594,1,35,0,0.142857,0.542857,1.48571,0.171429,0.0571429,1,0,0,1,0, 0.114286, 0.342857
456.hmmer,456.hmmer_595,2,6,0,0.5,0.166667,1.66667,0,0.166667,1,0,0,0.666667,0, 0, 0.166667
456.hmmer,456.hmmer_596,1,20,0,0.2,0.7,1.65,0.05,0.05,1,0,0,1,0, 0.2, 0.3
456.hmmer,456.hmmer_597,2,6,0,0.5,0.166667,1.66667,0,0.166667,1,0,0,0.666667,0, 0, 0.166667
456.hmmer,456.hmmer_598,1,16,0,0.1875,0.625,1.625,0.125,0.0625,1,0,0,1,0, 0.125, 0.3125
456.hmmer,456.hmmer_599,2,6,0,0.5,0.166667,1.66667,0,0.166667,1,0,0,0.666667,0, 0, 0.166667
456.hmmer,456.hmmer_600,1,16,0,0.1875,0.625,1.625,0.125,0.0625,1,0,0,1,0, 0.125, 0.3125
456.hmmer,456.hmmer_601,1,31,0.0322581,0.0322581,0.645161,1.35484,0.193548,0,1,0,0,1.22581,0, 0.129032, 0.387097
456.hmmer,456.hmmer_602,1,0,0,0,0,0,0,0,1,0,0,0,0, 0, 0
456.hmmer,456.hmmer_603,1,6,0,0.166667,0.666667,1.33333,0.166667,0,1,0,0,1,0, 0.166667, 0.333333
456.hmmer,456.hmmer_604,2,49,0.0204082,0.0204082,0.653061,1.30612,0.244898,0,1,0,0,1.22449,0, 0.0816327, 0.408163
456.hmmer,456.hmmer_605,1,9,0,0.222222,0.555556,1.33333,0.111111,0,1,0,0,1,0, 0.111111, 0.333333
456.hmmer,456.hmmer_606,2,74,0.0135135,0.0540541,0.635135,1.33784,0.22973,0.0135135,1,0,0,1.2027,0, 0.0540541, 0.418919
456.hmmer,456.hmmer_607,2,5,0,0.2,0.6,1.6,0.2,0,27,0,0,1,0, 0.2, 0.2
456.hmmer,456.hmmer_608,3,37,0,0.108108,0.567568,1.51351,0.243243,0.027027,1,0,0,1.13514,0, 0.0810811, 0.324324
456.hmmer,456.hmmer_609,2,3,0,0.333333,0.666667,1.66667,0,0,27,0,0,0.666667,0, 0.666667, 0
456.hmmer,456.hmmer_610,2,21,0,0.238095,0.428571,1.57143,0.190476,0.047619,27,0,0,1.04762,0, 0, 0.333333
456.hmmer,456.hmmer_611,1,16,0,0.3125,0.5625,1.5625,0.125,0,27,0,0,0.75,0, 0.4375, 0.0625
456.hmmer,456.hmmer_612,1,36,0,0.0277778,0.694444,1.36111,0.194444,0,27,0,0,1.25,0, 0.138889, 0.416667
456.hmmer,456.hmmer_613,1,16,0,0.0625,0.5625,1.5625,0.1875,0,1,0,0,1.125,0, 0.125, 0.3125
456.hmmer,456.hmmer_614,1,16,0,0.125,0.4375,1.375,0.25,0.0625,1,0,0,1,0, 0, 0.3125
456.hmmer,456.hmmer_615,1,10,0,0.1,0.5,1.7,0.2,0,1,0,1,1.1,0, 0.1, 0.2
456.hmmer,456.hmmer_616,1,18,0.0555556,0.0555556,0.5,1.44444,0.277778,0,1,0,1,1.16667,0, 0.111111, 0.277778
456.hmmer,456.hmmer_617,1,16,0,0.125,0.4375,1.375,0.25,0.0625,27,0,0,1,0, 0, 0.3125
456.hmmer,456.hmmer_618,1,17,0,0.0588235,0.647059,1.64706,0.176471,0,1,0,0,1.23529,0, 0.176471, 0.294118
456.hmmer,456.hmmer_619,1,6,0,0.166667,0.5,2,0.166667,0,1,0,0,1,0, 0, 0.166667
456.hmmer,456.hmmer_620,1,25,0.04,0.04,0.6,1.48,0.24,0,1,0,1,1.24,0, 0.16, 0.32
456.hmmer,456.hmmer_621,1,6,0,0.166667,0.5,2.16667,0.166667,0,1,0,0,1,0, 0, 0.166667
456.hmmer,456.hmmer_622,1,16,0,0.125,0.4375,1.375,0.25,0.0625,1,0,0,1,0, 0, 0.3125
456.hmmer,456.hmmer_623,1,29,0,0.0344828,0.689655,1.37931,0.137931,0,27,0,0,1.27586,0, 0.103448, 0.448276
456.hmmer,456.hmmer_624,2,33,0.030303,0.030303,0.666667,1.33333,0.181818,0,1,0,0,1.27273,0, 0.121212, 0.424242
456.hmmer,456.hmmer_625,1,20,0,0.25,0.35,1.55,0,0.05,27,0,0,1.05,0, 0.05, 0.3
456.hmmer,456.hmmer_626,2,41,0,0.0243902,0.731707,1.31707,0.195122,0,1,0,0,1.2439,0, 0.0731707, 0.463415
456.hmmer,456.hmmer_627,1,9,0.111111,0.222222,0.333333,1.33333,0.222222,0,1,0,0,0.888889,0, 0.222222, 0.111111
456.hmmer,456.hmmer_628,1,10,0,0.1,0.7,1.3,0.2,0,1,0,0,1.1,0, 0.1, 0.4
456.hmmer,456.hmmer_629,1,12,0,0.0833333,0.666667,1.33333,0.166667,0,1,0,0,1.16667,0, 0, 0.5
456.hmmer,456.hmmer_630,1,10,0,0.1,0.7,1.3,0.2,0,1,0,0,1.1,0, 0.1, 0.4
456.hmmer,456.hmmer_631,2,19,0,0.0526316,0.736842,1.26316,0.210526,0,1,0,0,1.21053,0, 0.0526316, 0.473684
456.hmmer,456.hmmer_632,1,9,0.111111,0.222222,0.333333,1.33333,0.222222,0,1,0,0,0.888889,0, 0.222222, 0.111111
456.hmmer,456.hmmer_633,1,111,0.00900901,0.00900901,0.720721,1.33333,0.198198,0,1,0,0,1.26126,0, 0.0900901, 0.45045
456.hmmer,456.hmmer_634,1,111,0.00900901,0.00900901,0.720721,1.33333,0.198198,0,1,0,0,1.26126,0, 0.0900901, 0.45045
456.hmmer,456.hmmer_635,1,115,0.00869565,0.00869565,0.721739,1.33043,0.2,0,1,0,0,1.26087,0, 0.0869565, 0.452174
456.hmmer,456.hmmer_636,1,275,0,0.138182,0.512727,1.48,0.229091,0.00363636,1,0,0,1.11273,0, 0.0218182, 0.370909
456.hmmer,456.hmmer_637,1,16,0,0.125,0.4375,1.375,0.25,0.0625,1,0,0,1,0, 0, 0.3125
456.hmmer,456.hmmer_638,1,0,0,0,0,0,0,0,1,0,0,0,0, 0, 0
456.hmmer,456.hmmer_639,1,18,0,0.333333,0.444444,1.44444,0.111111,0.0555556,1,0,0,0.777778,0, 0.111111, 0.333333
456.hmmer,456.hmmer_640,1,18,0,0.333333,0.444444,1.44444,0.111111,0.0555556,1,0,0,0.777778,0, 0.111111, 0.333333
456.hmmer,456.hmmer_641,1,35,0,0.228571,0.4,1.6,0.171429,0.0285714,1,0,0,0.942857,0, 0.0285714, 0.371429
456.hmmer,456.hmmer_642,1,10,0,0.3,0.4,1.6,0.1,0.1,1,0,0,0.8,0, 0.1, 0.3
456.hmmer,456.hmmer_643,1,6,0,0.333333,0.333333,1.33333,0,0,1,0,0,0.666667,0, 0, 0.333333
456.hmmer,456.hmmer_644,1,19,0,0.210526,0.421053,1.68421,0.105263,0.105263,1,0,0,0.894737,0, 0, 0.315789
456.hmmer,456.hmmer_645,1,22,0,0.181818,0.5,1.68182,0.0909091,0.0454545,1,0,0,0.909091,0, 0, 0.363636
456.hmmer,456.hmmer_646,1,9,0,0.222222,0.444444,1.66667,0.111111,0.111111,1,0,0,0.888889,0, 0, 0.333333
456.hmmer,456.hmmer_647,1,30,0,0.2,0.533333,1.93333,0.0333333,0.0666667,1,0,0,0.966667,0, 0.0333333, 0.333333
456.hmmer,456.hmmer_648,1,11,0,0.181818,0.545455,1.90909,0,0.0909091,1,0,0,1,0, 0, 0.363636
456.hmmer,456.hmmer_649,1,21,0,0.190476,0.47619,1.80952,0.047619,0.0952381,1,0,0,0.952381,0, 0, 0.333333
456.hmmer,456.hmmer_650,1,116,0,0.189655,0.586207,1.93966,0,0.0172414,1,0,0,0.991379,0, 0.0517241, 0.353448
456.hmmer,456.hmmer_651,1,0,0,0,0,0,0,0,1,0,0,0,0, 0, 0
456.hmmer,456.hmmer_652,1,19,0,0.210526,0.421053,1.68421,0.105263,0.105263,1,0,0,0.894737,0, 0, 0.315789
456.hmmer,456.hmmer_653,1,8,0,0.25,0.375,2.125,0,0.125,1,0,0,0.875,0, 0, 0.25
456.hmmer,456.hmmer_654,1,9,0,0.333333,0.444444,1.44444,0.111111,0.111111,1,0,0,0.777778,0, 0.111111, 0.333333
456.hmmer,456.hmmer_655,1,68,0,0.191176,0.573529,1.94118,0,0.0294118,1,0,0,0.985294,0, 0.0294118, 0.352941
456.hmmer,456.hmmer_656,1,8,0,0.25,0.375,2.125,0,0.125,1,0,0,0.875,0, 0, 0.25
456.hmmer,456.hmmer_657,1,0,0,0,0,0,0,0,1,0,0,0,0, 0, 0
456.hmmer,456.hmmer_658,1,8,0,0.25,0.375,2.125,0,0.125,1,0,0,0.875,0, 0, 0.25
456.hmmer,456.hmmer_659,1,56,0,0.196429,0.553571,2,0,0.0357143,1,0,0,0.946429,0, 0.0178571, 0.339286
456.hmmer,456.hmmer_660,1,8,0,0.25,0.375,2.125,0,0.125,1,0,0,0.875,0, 0, 0.25
456.hmmer,456.hmmer_661,1,19,0,0.210526,0.421053,1.68421,0.105263,0.105263,1,0,0,0.894737,0, 0, 0.315789
456.hmmer,456.hmmer_662,1,7,0,0.285714,0.571429,1.57143,0,0,1,0,0,0.857143,0, 0, 0.428571
456.hmmer,456.hmmer_663,1,198,0,0.257576,0.292929,2.26768,0.010101,0.010101,1,0,0,1.00505,0, 0.0505051, 0.237374
456.hmmer,456.hmmer_664,1,134,0,0.253731,0.328358,1.6791,0.156716,0.0223881,1,0,0,0.940299,0, 0.0597015, 0.261194
456.hmmer,456.hmmer_665,2,42,0,0.142857,0.547619,1.57143,0.190476,0,1,0,0,1.09524,0, 0.119048, 0.333333
456.hmmer,456.hmmer_666,1,12,0,0.166667,0.666667,1.41667,0.0833333,0,1,0,0,1.08333,0, 0.25, 0.333333
456.hmmer,456.hmmer_667,1,16,0,0.0625,0.4375,1.5,0.125,0,1,0,0,1.1875,0, 0.0625, 0.3125
456.hmmer,456.hmmer_668,1,18,0,0.0555556,0.555556,1.44444,0.166667,0,1,0,0,1.22222,0, 0.0555556, 0.388889
456.hmmer,456.hmmer_669,1,24,0,0.25,0.5,1.70833,0.0416667,0,1,0,0,1,0, 0.166667, 0.291667
456.hmmer,456.hmmer_670,1,10,0,0.1,0.6,2.1,0.1,0,5,0,0,1.2,0, 0, 0.3
456.hmmer,456.hmmer_671,2,3,0,0.333333,0.333333,1.66667,0,0,1,0,0,0.666667,0, 0, 0.333333
456.hmmer,456.hmmer_672,2,3,0,0.333333,0.333333,1.66667,0,0,1,0,0,0.666667,0, 0, 0.333333
456.hmmer,456.hmmer_673,1,147,0,0.197279,0.537415,1.79592,0.0680272,0.0204082,1,0,0,1.08163,0, 0.115646, 0.306122
456.hmmer,456.hmmer_674,1,27,0,0.0740741,0.444444,1.7037,0.222222,0.037037,1,0,0,1.22222,0, 0.148148, 0.296296
456.hmmer,456.hmmer_675,1,149,0,0.0469799,0.731544,1.65772,0.120805,0.00671141,1,0,0,1.20134,0, 0.033557, 0.449664
456.hmmer,456.hmmer_676,1,32,0,0.09375,0.53125,1.40625,0.1875,0.03125,1,0,0,1.03125,0, 0.0625, 0.375
456.hmmer,456.hmmer_677,1,28,0,0.107143,0.428571,1.42857,0.214286,0.0357143,1,0,0,1,0, 0.0357143, 0.321429
456.hmmer,456.hmmer_678,1,29,0,0.206897,0.551724,1.7931,0,0.0344828,1,0,0,1.06897,0, 0.0689655, 0.37931
456.hmmer,456.hmmer_679,1,55,0.218182,0.0181818,0.654545,1.38182,0.109091,0,1,0,0,1.36364,0, 0.0545455, 0.490909
456.hmmer,456.hmmer_680,1,17,0.117647,0.0588235,0.705882,1.35294,0.117647,0,1,0,0,1.29412,0, 0.117647, 0.470588
456.hmmer,456.hmmer_681,1,83,0.144578,0.0120482,0.650602,1.33735,0.192771,0,1,0,0,1.31325,0, 0.060241, 0.457831
456.hmmer,456.hmmer_682,1,13,0.230769,0.0769231,0.615385,1.53846,0.0769231,0,1,1,0,1.23077,0, 0.153846, 0.384615
456.hmmer,456.hmmer_683,1,14,0,0.0714286,0.714286,1.35714,0.142857,0,1,0,0,1.21429,0, 0.0714286, 0.428571
456.hmmer,456.hmmer_684,1,14,0,0.0714286,0.714286,1.35714,0.142857,0,1,0,0,1.21429,0, 0.0714286, 0.428571
456.hmmer,456.hmmer_685,3,31,0.0645161,0.0322581,0.709677,1.29032,0.193548,0,1,0,0,1.25806,0, 0.0322581, 0.483871
456.hmmer,456.hmmer_686,2,12,0,0.166667,0.666667,1.33333,0.166667,0,1,0,0,1,0, 0.166667, 0.333333
456.hmmer,456.hmmer_687,1,3,0,0.666667,0.333333,1.33333,0,0,12,0,0,0.333333,0, 0.333333, 0
456.hmmer,456.hmmer_688,1,64,0.296875,0.0625,0.5625,1.51562,0.0625,0.03125,1,1,0,1.35938,0, 0.140625, 0.421875
456.hmmer,456.hmmer_689,1,20,0.3,0.1,0.5,1.55,0.05,0.05,1,0,0,1.3,0, 0.1, 0.4
456.hmmer,456.hmmer_690,1,70,0,0.1,0.614286,1.55714,0.0428571,0.0142857,1,1,1,1.08571,0, 0.142857, 0.428571
456.hmmer,456.hmmer_691,1,0,0,0,0,0,0,0,1,0,0,0,0, 0, 0
456.hmmer,456.hmmer_692,1,0,0,0,0,0,0,0,1,0,0,0,0, 0, 0
456.hmmer,456.hmmer_693,2,7,0.142857,0.285714,0.428571,1.57143,0,0.142857,1,1945,0,0.571429,0, 0.142857, 0.285714
456.hmmer,456.hmmer_694,1,0,0,0,0,0,0,0,1,1488,0,0,0, 0, 0
456.hmmer,456.hmmer_695,1,1,0,1,0,1,0,0,65,1488,0,0,0, 0, 0
456.hmmer,456.hmmer_696,2,7,0.142857,0.285714,0.428571,1.57143,0,0.142857,1,3948,0,0.571429,0, 0.142857, 0.285714
456.hmmer,456.hmmer_697,1,19,0.263158,0.105263,0.578947,1.47368,0,0,1,46027,0,0.736842,0, 0.157895, 0.368421
456.hmmer,456.hmmer_698,1,13,0.153846,0.153846,0.615385,1.46154,0.0769231,0.0769231,1,0,0,1.23077,0, 0.0769231, 0.461538
456.hmmer,456.hmmer_699,1,13,0.153846,0.153846,0.615385,1.46154,0.0769231,0.0769231,1,15683635,0,1.23077,0, 0.0769231, 0.461538
456.hmmer,456.hmmer_700,1,17,0,0.117647,0.411765,1.41176,0.235294,0.0588235,1,10,0,1,0, 0, 0.294118
456.hmmer,456.hmmer_701,1,9,0,0.111111,0.888889,1.33333,0,0,1,0,0,1.22222,0, 0.333333, 0.555556
456.hmmer,456.hmmer_702,1,6,0,0.166667,0.833333,1.33333,0,0,1,0,0,1,0, 0.166667, 0.5
456.hmmer,456.hmmer_703,1,8,0,0.125,0.5,1.25,0.25,0,1,0,0,1,0, 0.125, 0.375
456.hmmer,456.hmmer_704,1,8,0,0.125,0.5,1.25,0.25,0,1,2,0,1,0, 0.125, 0.375
456.hmmer,456.hmmer_705,1,15,0,0.2,0.533333,1.4,0.133333,0.0666667,1,0,0,1,0, 0, 0.4
456.hmmer,456.hmmer_706,2,23,0,0.130435,0.608696,1.34783,0.173913,0.0434783,1,0,0,1.08696,0, 0, 0.434783
456.hmmer,456.hmmer_707,1,18,0,0.222222,0.5,1.38889,0.166667,0.0555556,1,0,0,0.944444,0, 0.0555556, 0.333333
456.hmmer,456.hmmer_708,1,13,0,0.0769231,0.692308,1.38462,0.153846,0,1,45000,0,1.23077,0, 0.0769231, 0.461538
456.hmmer,456.hmmer_709,1,13,0,0.0769231,0.461538,1.53846,0.230769,0.0769231,1,0,0,1.15385,0, 0.0769231, 0.307692
456.hmmer,456.hmmer_710,1,13,0,0.153846,0.384615,1.38462,0.230769,0.0769231,1,0,0,0.923077,0, 0, 0.307692
456.hmmer,456.hmmer_711,1,96,0,0.0833333,0.65625,1.8125,0.104167,0.0208333,1,0,0,1.16667,0, 0.0104167, 0.416667
456.hmmer,456.hmmer_712,1,8,0,0.125,0.75,1.5,0.125,0,1,0,0,1,0, 0.125, 0.375
456.hmmer,456.hmmer_713,1,43,0,0.27907,0.44186,1.72093,0.0465116,0.116279,1,0,0,1.04651,0, 0.0697674, 0.348837
456.hmmer,456.hmmer_714,1,19,0,0.157895,0.631579,1.52632,0.105263,0.0526316,1,0,0,1,0, 0, 0.421053
456.hmmer,456.hmmer_715,1,9,0,0.111111,0.666667,1.44444,0.111111,0,1,0,0,1,0, 0, 0.444444
456.hmmer,456.hmmer_716,1,10,0,0.1,0.7,1.6,0.1,0,1,0,0,1,0, 0, 0.4
456.hmmer,456.hmmer_717,1,10,0,0.1,0.7,1.6,0.1,0,1,0,0,1,0, 0, 0.4
456.hmmer,456.hmmer_718,1,10,0,0.1,0.7,1.6,0.1,0,1,0,0,1,0, 0, 0.4
456.hmmer,456.hmmer_719,1,10,0,0.1,0.7,1.6,0.1,0,1,0,0,1,0, 0, 0.4
456.hmmer,456.hmmer_720,1,10,0,0.1,0.7,1.6,0.1,0,1,0,0,1,0, 0, 0.4
456.hmmer,456.hmmer_721,1,10,0,0.1,0.7,1.6,0.1,0,1,0,0,1,0, 0, 0.4
456.hmmer,456.hmmer_722,1,21,0,0.047619,0.809524,1.7619,0.0952381,0,1,0,0,1.14286,0, 0, 0.47619
456.hmmer,456.hmmer_723,1,110,0,0.0363636,0.754545,1.73636,0.181818,0.00909091,1,0,0,1.15455,0, 0, 0.418182
456.hmmer,456.hmmer_724,1,45,0,0.111111,0.577778,1.95556,0.0888889,0.0444444,1,0,0,1.22222,0, 0, 0.422222
456.hmmer,456.hmmer_725,1,47,0,0.0638298,0.680851,1.76596,0.12766,0.0212766,1,0,0,1.19149,0, 0, 0.468085
456.hmmer,456.hmmer_726,1,54,0,0.148148,0.518519,2.09259,0.0555556,0.037037,1,0,0,1.2037,0, 0, 0.351852
456.hmmer,456.hmmer_727,1,70,0,0.0857143,0.657143,1.82857,0.1,0.0142857,1,0,0,1.17143,0, 0, 0.414286
456.hmmer,456.hmmer_728,1,84,0,0.107143,0.630952,1.71429,0.0952381,0.0238095,1,0,0,1.15476,0, 0.0238095, 0.440476
456.hmmer,456.hmmer_729,1,0,0,0,0,0,0,0,1,0,0,0,0, 0, 0
456.hmmer,456.hmmer_730,1,0,0,0,0,0,0,0,1,0,0,0,0, 0, 0
456.hmmer,456.hmmer_731,2,7,0,0.285714,0.285714,1.57143,0.142857,0.142857,1,0,0,0.857143,0, 0, 0.285714
456.hmmer,456.hmmer_732,1,91,0,0.296703,0.43956,1.8022,0.021978,0.010989,1,0,0,0.956044,0, 0.0659341, 0.32967
456.hmmer,456.hmmer_733,1,1,0,1,0,1,0,0,1,0,0,0,0, 0, 0
456.hmmer,456.hmmer_734,1,14,0,0.285714,0.285714,1.57143,0.142857,0.0714286,1,0,0,0.857143,0, 0, 0.285714
456.hmmer,456.hmmer_735,1,14,0,0.285714,0.285714,1.57143,0.142857,0.0714286,1,0,0,0.857143,0, 0, 0.285714
456.hmmer,456.hmmer_736,1,15,0,0.0666667,0.8,1.53333,0.133333,0,1,0,0,1.06667,0, 0.133333, 0.4
456.hmmer,456.hmmer_737,1,15,0,0.0666667,0.8,1.53333,0.133333,0,1,0,0,1.06667,0, 0.133333, 0.4
456.hmmer,456.hmmer_738,3,57,0,0.0526316,0.736842,1.52632,0.157895,0.0175439,1,0,0,1.22807,0, 0.0175439, 0.508772
456.hmmer,456.hmmer_739,2,134,0,0.0597015,0.708955,1.60448,0.126866,0.00746269,1,0,0,1.23881,0, 0.0298507, 0.5
456.hmmer,456.hmmer_740,2,36,0,0.0277778,0.722222,1.55556,0.138889,0,1,0,0,1.30556,0, 0.0277778, 0.527778
456.hmmer,456.hmmer_741,1,101,0,0.108911,0.633663,1.69307,0.0891089,0.019802,1,0,0,1.19802,0, 0.049505, 0.465347
456.hmmer,456.hmmer_742,3,0,0,0,0,0,0,0,1,0,0,0,0, 0, 0
456.hmmer,456.hmmer_743,2,28,0,0.142857,0.678571,1.42857,0.142857,0.0357143,1,0,0,1.07143,0, 0.0357143, 0.428571
456.hmmer,456.hmmer_744,1,5,0,0.4,0.4,1.6,0,0,1,0,0,0.6,0, 0.2, 0.2
456.hmmer,456.hmmer_745,1,29,0,0.103448,0.724138,1.62069,0.103448,0.0344828,1,0,0,1.17241,0, 0, 0.517241
456.hmmer,456.hmmer_746,1,29,0,0.103448,0.724138,1.62069,0.103448,0.0344828,1,0,0,1.17241,0, 0, 0.517241
456.hmmer,456.hmmer_747,1,20,0,0.05,0.75,1.6,0.15,0,1,0,0,1.25,0, 0, 0.55
456.hmmer,456.hmmer_748,1,17,0,0.0588235,0.764706,1.58824,0.117647,0,1,0,0,1.17647,0, 0, 0.529412
456.hmmer,456.hmmer_749,1,10,0,0.1,0.7,1.6,0.1,0,1,0,0,1.1,0, 0, 0.5
456.hmmer,456.hmmer_750,1,17,0,0.176471,0.588235,1.52941,0.117647,0.0588235,1,0,0,1.11765,0, 0.117647, 0.352941
456.hmmer,456.hmmer_751,1,17,0,0.176471,0.588235,1.52941,0.117647,0.0588235,1,0,0,1.11765,0, 0.117647, 0.352941
456.hmmer,456.hmmer_752,1,17,0,0.176471,0.588235,1.52941,0.117647,0.0588235,1,0,0,1.11765,0, 0.117647, 0.352941
456.hmmer,456.hmmer_753,1,81,0,0.111111,0.691358,1.69136,0.0987654,0.0123457,1,0,0,1.03704,0, 0, 0.395062
456.hmmer,456.hmmer_754,1,19,0,0.157895,0.631579,1.57895,0.105263,0.0526316,1,0,0,1.10526,0, 0.105263, 0.368421
456.hmmer,456.hmmer_755,1,14,0,0.0714286,0.785714,1.5,0.142857,0,1,0,0,1.14286,0, 0.0714286, 0.428571
456.hmmer,456.hmmer_756,1,19,0.105263,0.105263,0.631579,1.57895,0.105263,0.0526316,1,0,0,1.15789,0, 0.0526316, 0.421053
456.hmmer,456.hmmer_757,1,252,0,0.0912698,0.654762,1.69444,0.115079,0.00396825,1,0,0,1.09524,0, 0.0515873, 0.361111
456.hmmer,456.hmmer_758,1,13,0,0.0769231,0.692308,1.30769,0.153846,0,1,0,0,1.23077,0, 0.0769231, 0.461538
456.hmmer,456.hmmer_759,1,11,0,0.0909091,0.727273,1.27273,0.181818,0,1,0,0,1.18182,0, 0.0909091, 0.454545
456.hmmer,456.hmmer_760,1,37,0,0.027027,0.810811,1.40541,0.162162,0,1,0,0,1.21622,0, 0.0810811, 0.486486
456.hmmer,456.hmmer_761,1,578,0.0311419,0.0865052,0.690311,1.67128,0.110727,0.0017301,1,0,8,1.109,0, 0.032872, 0.422145
456.hmmer,456.hmmer_762,1,112,0,0.0535714,0.723214,1.5,0.151786,0.00892857,1,0,0,1.1875,0, 0.0357143, 0.464286
456.hmmer,456.hmmer_763,1,12,0,0.0833333,0.75,1.41667,0.166667,0,1,0,0,1.08333,0, 0.0833333, 0.416667
456.hmmer,456.hmmer_764,1,8,0,0.125,0.75,1.5,0.125,0,1,0,0,1,0, 0.125, 0.375
456.hmmer,456.hmmer_765,1,155,0,0.083871,0.664516,1.70968,0.129032,0.0129032,1,0,1,1.14839,0, 0.0258065, 0.393548
456.hmmer,456.hmmer_766,2,12,0,0.0833333,0.75,1.41667,0.166667,0,1,0,0,1.08333,0, 0.0833333, 0.416667
456.hmmer,456.hmmer_767,2,16,0,0.0625,0.75,1.375,0.1875,0,1,0,0,1.125,0, 0.0625, 0.4375
456.hmmer,456.hmmer_768,2,211,0,0.109005,0.64455,1.45972,0.170616,0.014218,1,0,1,1.11848,0, 0.0758294, 0.398104
456.hmmer,456.hmmer_769,3,4,0,0.25,0.5,1.5,0,0,1,0,0,1,0, 0.25, 0.25
456.hmmer,456.hmmer_770,2,47,0,0.0851064,0.659574,1.44681,0.148936,0.0212766,1,0,0,1.17021,0, 0.0638298, 0.404255
456.hmmer,456.hmmer_771,1,36,0,0.194444,0.666667,1.52778,0.0833333,0.0277778,1,0,0,0.944444,0, 0.166667, 0.333333
456.hmmer,456.hmmer_772,1,16,0,0.0625,0.6875,1.375,0.125,0,1,0,0,1.25,0, 0.125, 0.4375
456.hmmer,456.hmmer_773,1,14,0,0.214286,0.571429,1.42857,0.142857,0.0714286,1,0,0,1,0, 0.0714286, 0.357143
456.hmmer,456.hmmer_774,2,143,0,0.146853,0.615385,1.59441,0.132867,0.013986,1,0,0,1.06294,0, 0.0559441, 0.391608
456.hmmer,456.hmmer_775,1,4,0,0.5,0.5,1.5,0,0,1,0,0,0.5,0, 0.5, 0
456.hmmer,456.hmmer_776,1,6,0,0.166667,0.666667,1.33333,0.166667,0,1,0,0,1,0, 0.166667, 0.333333
456.hmmer,456.hmmer_777,1,0,0,0,0,0,0,0,1,0,0,0,0, 0, 0
456.hmmer,456.hmmer_778,1,59,0,0.118644,0.542373,1.49153,0.20339,0.0169492,1,0,0,1.15254,0, 0.0677966, 0.355932
456.hmmer,456.hmmer_779,1,560,0.00535714,0.0589286,0.730357,1.52321,0.169643,0.00714286,1,0,4,1.12321,0, 0.05, 0.4375
456.hmmer,456.hmmer_780,1,10,0,0.2,0.6,1.6,0.1,0.1,1,0,0,1,0, 0, 0.4
456.hmmer,456.hmmer_781,1,10,0,0.2,0.6,1.6,0.1,0.1,1,0,0,1,0, 0, 0.4
456.hmmer,456.hmmer_782,2,62,0,0.145161,0.548387,1.59677,0.16129,0.0322581,1,0,0,1.06452,0, 0.016129, 0.370968
456.hmmer,456.hmmer_783,1,109,0,0.137615,0.651376,2.05505,0.0458716,0.0183486,1,0,0,1.12844,0, 0.0183486, 0.376147
456.hmmer,456.hmmer_784,2,11,0,0.181818,0.545455,1.54545,0.181818,0.0909091,1,0,0,1,0, 0, 0.363636
456.hmmer,456.hmmer_785,2,0,0,0,0,0,0,0,1,0,0,0,0, 0, 0
456.hmmer,456.hmmer_786,1,169,0,0.0414201,0.769231,1.50888,0.130178,0.00591716,1,0,0,1.13609,0, 0.106509, 0.420118
456.hmmer,456.hmmer_787,1,15,0,0.2,0.533333,1.53333,0.133333,0.0666667,1,0,0,1,0, 0.0666667, 0.333333
456.hmmer,456.hmmer_788,1,15,0,0.2,0.533333,1.53333,0.133333,0.0666667,1,0,0,1,0, 0.0666667, 0.333333
456.hmmer,456.hmmer_789,1,43,0,0.139535,0.604651,1.5814,0.162791,0.0232558,1,0,0,1.06977,0, 0.0232558, 0.395349
456.hmmer,456.hmmer_790,1,43,0,0.139535,0.604651,1.5814,0.162791,0.0232558,1,0,0,1.06977,0, 0.0232558, 0.395349
456.hmmer,456.hmmer_791,1,8,0,0.125,0.625,1.875,0,0,1,0,0,1.25,0, 0.125, 0.5
456.hmmer,456.hmmer_792,2,9,0,0.111111,0.666667,1.77778,0,0,1,0,0,1.33333,0, 0.111111, 0.555556
456.hmmer,456.hmmer_793,1,13,0,0.153846,0.615385,1.69231,0,0,1,0,0,1.23077,0, 0.153846, 0.461538
456.hmmer,456.hmmer_794,1,8,0,0.125,0.625,1.875,0,0,1,0,0,1.25,0, 0.125, 0.5
456.hmmer,456.hmmer_795,2,434,0,0.0668203,0.652074,1.5553,0.175115,0.00230415,1,0,0,1.16359,0, 0.0184332, 0.440092
456.hmmer,456.hmmer_796,1,21,0,0.0952381,0.761905,1.57143,0.0952381,0,1,0,0,1.09524,0, 0.190476, 0.380952
456.hmmer,456.hmmer_797,2,33,0,0.272727,0.484848,2.09091,0.0606061,0.030303,1,0,0,0.969697,0, 0.181818, 0.272727
456.hmmer,456.hmmer_798,1,35,0,0.171429,0.571429,1.54286,0.114286,0.0285714,1,0,0,1.02857,0, 0.0857143, 0.342857
456.hmmer,456.hmmer_799,1,12,0,0.0833333,0.416667,1.41667,0.25,0.0833333,1,0,0,1,0, 0, 0.333333
456.hmmer,456.hmmer_800,1,12,0,0.0833333,0.416667,1.41667,0.25,0.0833333,1,3,0,1,0, 0, 0.333333
456.hmmer,456.hmmer_801,1,0,0,0,0,0,0,0,1,3,0,0,0, 0, 0
456.hmmer,456.hmmer_802,1,0,0,0,0,0,0,0,1,2,0,0,0, 0, 0
456.hmmer,456.hmmer_803,1,65,0,0.246154,0.384615,1.52308,0.138462,0.0307692,1,2,0,0.923077,0, 0.0461538, 0.307692
456.hmmer,456.hmmer_804,1,0,0,0,0,0,0,0,1,2,0,0,0, 0, 0
456.hmmer,456.hmmer_805,1,29,0,0.0344828,0.689655,1.37931,0.137931,0,1,0,0,1.27586,0, 0.103448, 0.448276
456.hmmer,456.hmmer_806,2,0,0,0,0,0,0,0,1,0,0,0,0, 0, 0
456.hmmer,456.hmmer_807,3,5,0,0.2,0.8,1.2,0,0,1,0,0,1,0, 0.2, 0.6
456.hmmer,456.hmmer_808,2,7,0,0.142857,0.857143,1.42857,0,0,1,0,0,1.28571,0, 0.428571, 0.428571
456.hmmer,456.hmmer_809,1,16,0,0.25,0.5625,1.4375,0.125,0.0625,1,0,0,1,0, 0.125, 0.3125
456.hmmer,456.hmmer_810,1,0,0,0,0,0,0,0,1,0,0,0,0, 0, 0
456.hmmer,456.hmmer_811,1,10,0,0.2,0.5,1.6,0.1,0.1,1,0,0,1.1,0, 0.1, 0.4
456.hmmer,456.hmmer_812,2,0,0,0,0,0,0,0,1,0,0,0,0, 0, 0
456.hmmer,456.hmmer_813,3,9,0,0.222222,0.333333,1.66667,0.111111,0.111111,1,0,0,1,0, 0, 0.333333
456.hmmer,456.hmmer_814,3,7,0,0.142857,0.428571,1.71429,0.142857,0.142857,1,0,0,1.14286,0, 0, 0.428571
456.hmmer,456.hmmer_815,3,0,0,0,0,0,0,0,1,0,0,0,0, 0, 0
456.hmmer,456.hmmer_816,2,44,0,0.204545,0.636364,1.47727,0.0681818,0.0227273,1,0,0,1.09091,0, 0.227273, 0.340909
456.hmmer,456.hmmer_817,1,113,0,0.212389,0.513274,1.51327,0.106195,0.0530973,1,0,0,1.0885,0, 0.132743, 0.353982
456.hmmer,456.hmmer_818,1,7,0,0.142857,0.714286,1.28571,0.142857,0,1,0,0,1.14286,0, 0.142857, 0.428571
456.hmmer,456.hmmer_819,1,7,0,0.142857,0.714286,1.28571,0.142857,0,1,0,0,1.14286,0, 0.142857, 0.428571
456.hmmer,456.hmmer_820,1,9,0.111111,0.111111,0.666667,1.33333,0.111111,0,1,0,0,1.22222,0, 0.111111, 0.444444
456.hmmer,456.hmmer_821,1,9,0.111111,0.111111,0.666667,1.33333,0.111111,0,1,20,0,1.22222,0, 0.111111, 0.444444
456.hmmer,456.hmmer_822,1,9,0.111111,0.111111,0.666667,1.33333,0.111111,0,1,0,0,1.22222,0, 0.111111, 0.444444
456.hmmer,456.hmmer_823,1,9,0.111111,0.111111,0.666667,1.33333,0.111111,0,1,104,0,1.22222,0, 0.111111, 0.444444
456.hmmer,456.hmmer_824,1,13,0.0769231,0.0769231,0.692308,1.30769,0.153846,0,1,0,0,1.23077,0, 0.0769231, 0.461538
456.hmmer,456.hmmer_825,1,13,0.0769231,0.0769231,0.692308,1.30769,0.153846,0,1,0,0,1.23077,0, 0.0769231, 0.461538
456.hmmer,456.hmmer_826,1,11,0,0.0909091,0.727273,1.27273,0.181818,0,1,0,0,1.18182,0, 0.0909091, 0.454545
456.hmmer,456.hmmer_827,1,11,0,0.0909091,0.727273,1.27273,0.181818,0,1,0,0,1.18182,0, 0.0909091, 0.454545
456.hmmer,456.hmmer_828,1,15,0.133333,0.0666667,0.666667,1.33333,0.133333,0,1,0,0,1.26667,0, 0.0666667, 0.466667
456.hmmer,456.hmmer_829,1,15,0.133333,0.0666667,0.666667,1.33333,0.133333,0,1,0,0,1.26667,0, 0.0666667, 0.466667
456.hmmer,456.hmmer_830,1,16,0.0625,0.1875,0.625,1.375,0.125,0.0625,1,0,0,1.125,0, 0.0625, 0.4375
456.hmmer,456.hmmer_831,1,16,0.0625,0.1875,0.625,1.375,0.125,0.0625,1,0,0,1.125,0, 0.0625, 0.4375
456.hmmer,456.hmmer_832,1,16,0.0625,0.1875,0.625,1.375,0.125,0.0625,1,0,0,1.125,0, 0.0625, 0.4375
456.hmmer,456.hmmer_833,1,16,0.0625,0.1875,0.625,1.375,0.125,0.0625,1,0,0,1.125,0, 0.0625, 0.4375
456.hmmer,456.hmmer_834,1,16,0.0625,0.1875,0.625,1.375,0.125,0.0625,1,0,0,1.125,0, 0.0625, 0.4375
456.hmmer,456.hmmer_835,1,16,0.0625,0.1875,0.625,1.375,0.125,0.0625,1,0,0,1.125,0, 0.0625, 0.4375
456.hmmer,456.hmmer_836,1,16,0.0625,0.1875,0.625,1.375,0.125,0.0625,1,0,0,1.125,0, 0.0625, 0.4375
456.hmmer,456.hmmer_837,1,16,0.0625,0.1875,0.625,1.375,0.125,0.0625,1,0,0,1.125,0, 0.0625, 0.4375
456.hmmer,456.hmmer_838,1,9,0.111111,0.111111,0.666667,1.33333,0.111111,0,1,0,0,1.22222,0, 0.111111, 0.444444
456.hmmer,456.hmmer_839,1,9,0.111111,0.111111,0.555556,1.33333,0.222222,0,1,0,0,1.11111,0, 0.111111, 0.333333
456.hmmer,456.hmmer_840,1,9,0.111111,0.111111,0.666667,1.33333,0.111111,0,1,84,0,1.22222,0, 0.111111, 0.444444
456.hmmer,456.hmmer_841,1,11,0.0909091,0.0909091,0.454545,1.27273,0.363636,0,1,0,0,1.09091,0, 0.0909091, 0.272727
456.hmmer,456.hmmer_842,1,26,0.0384615,0.153846,0.615385,1.38462,0.153846,0.0384615,1,0,0,1.07692,0, 0.0769231, 0.384615
456.hmmer,456.hmmer_843,1,29,0.0344828,0.137931,0.551724,1.34483,0.241379,0.0344828,1,0,0,1.06897,0, 0.0689655, 0.344828
456.hmmer,456.hmmer_844,1,12,0,0.0833333,0.666667,1.33333,0.166667,0,1,0,0,1.16667,0, 0.0833333, 0.416667
456.hmmer,456.hmmer_845,1,14,0,0.0714286,0.571429,1.28571,0.285714,0,1,0,0,1.14286,0, 0.0714286, 0.357143
456.hmmer,456.hmmer_846,1,22,0.181818,0.136364,0.545455,1.45455,0.0909091,0.0454545,1,0,0,1.18182,0, 0.0454545, 0.409091
456.hmmer,456.hmmer_847,1,27,0.148148,0.111111,0.444444,1.37037,0.259259,0.037037,1,0,0,1.14815,0, 0.037037, 0.333333
456.hmmer,456.hmmer_848,1,11,0,0.0909091,0.727273,1.27273,0.181818,0,1,0,0,1.18182,0, 0.0909091, 0.454545
456.hmmer,456.hmmer_849,1,11,0,0.0909091,0.727273,1.36364,0.181818,0,1,0,0,1.09091,0, 0.181818, 0.363636
456.hmmer,456.hmmer_850,1,14,0.0714286,0.0714286,0.642857,1.28571,0.214286,0,1,0,0,1.21429,0, 0.0714286, 0.428571
456.hmmer,456.hmmer_851,2,35,0.0285714,0.114286,0.514286,1.31429,0.257143,0.0285714,1,0,0,1.08571,0, 0.0285714, 0.342857
456.hmmer,456.hmmer_852,2,49,0.0816327,0.183673,0.591837,1.4898,0.0816327,0.0612245,1,0,0,1.16327,0, 0.163265, 0.387755
456.hmmer,456.hmmer_853,1,26,0.0384615,0.153846,0.576923,1.38462,0.192308,0,1,0,0,1,0, 0.269231, 0.230769
456.hmmer,456.hmmer_854,2,121,0,0.115702,0.561983,1.42975,0.22314,0.0330579,1,0,0,1.10744,0, 0.0330579, 0.371901
456.hmmer,456.hmmer_855,2,31,0,0.0967742,0.612903,1.41935,0.193548,0.0322581,1,0,0,1.16129,0, 0.0645161, 0.387097
456.hmmer,456.hmmer_856,1,37,0,0.135135,0.621622,1.56757,0.162162,0.027027,1,0,0,1.05405,0, 0.135135, 0.324324
456.hmmer,456.hmmer_857,1,7,0,0.142857,0.571429,1.71429,0.142857,0,1,0,0,1,0, 0.142857, 0.285714
456.hmmer,456.hmmer_858,2,29,0.0344828,0.172414,0.62069,1.37931,0.137931,0.0689655,1,0,0,1.13793,0, 0.0344828, 0.448276
456.hmmer,456.hmmer_859,1,13,0.0769231,0.153846,0.538462,1.38462,0.230769,0,1,0,0,1,0, 0.230769, 0.230769
456.hmmer,456.hmmer_860,2,30,0,0.0333333,0.733333,1.33333,0.2,0,27,0,0,1.26667,0, 0.0666667, 0.466667
456.hmmer,456.hmmer_861,1,4,0,0.5,0.5,1.25,0,0,1,0,0,0.75,0, 0.25, 0.25
456.hmmer,456.hmmer_862,1,15,0,0.2,0.333333,1.53333,0.2,0.0666667,1,0,0,0.933333,0, 0.0666667, 0.2
456.hmmer,456.hmmer_863,1,67,0,0.208955,0.41791,1.55224,0.179104,0.0298507,1,0,0,1,0, 0.0298507, 0.38806
456.hmmer,456.hmmer_864,1,19,0.0526316,0.0526316,0.578947,1.26316,0.315789,0,1,0,0,1.15789,0, 0.0526316, 0.368421
456.hmmer,456.hmmer_865,1,12,0,0.0833333,0.666667,1.33333,0.166667,0,1,0,0,1.16667,0, 0.0833333, 0.416667
456.hmmer,456.hmmer_866,1,6,0,0.166667,0.666667,1.33333,0.166667,0,1,0,0,1,0, 0.166667, 0.333333
456.hmmer,456.hmmer_867,3,52,0.0384615,0.0576923,0.653846,1.40385,0.173077,0.0192308,1,0,0,1.23077,0, 0.0961538, 0.423077
456.hmmer,456.hmmer_868,2,20,0,0.05,0.7,1.45,0.1,0,1,0,0,1.25,0, 0.2, 0.4
456.hmmer,456.hmmer_869,1,20,0,0.05,0.7,1.45,0.1,0,1,0,0,1.25,0, 0.2, 0.4
456.hmmer,456.hmmer_870,1,7,0,0.142857,0.714286,1.28571,0.142857,0,1,0,0,1.14286,0, 0.142857, 0.428571
456.hmmer,456.hmmer_871,1,15,0.0666667,0.0666667,0.6,1.33333,0.2,0,1,0,0,1.2,0, 0.0666667, 0.4
456.hmmer,456.hmmer_872,2,5,0,0.2,0.6,1.6,0.2,0,1,0,0,1,0, 0.2, 0.2
456.hmmer,456.hmmer_873,2,40,0,0.075,0.55,1.4,0.225,0.025,1,0,1,1.125,0, 0.05, 0.35
456.hmmer,456.hmmer_874,2,11,0,0.272727,0.454545,1.63636,0.0909091,0.0909091,1,0,0,1,0, 0.0909091, 0.272727
456.hmmer,456.hmmer_875,2,52,0.0384615,0.0576923,0.519231,1.36538,0.269231,0.0192308,1,0,1,1.15385,0, 0.0384615, 0.346154
456.hmmer,456.hmmer_876,1,10,0,0.5,0.5,1.5,0,0,1,0,0,0.5,0, 0.5, 0
456.hmmer,456.hmmer_877,2,25,0.04,0.08,0.72,1.52,0.12,0.04,27,0,0,1.2,0, 0.04, 0.48
456.hmmer,456.hmmer_878,1,44,0,0.113636,0.681818,1.52273,0.136364,0.0227273,1,0,0,1.11364,0, 0.136364, 0.386364
456.hmmer,456.hmmer_879,1,6,0,0.166667,0.666667,1.33333,0.166667,0,27,0,0,1,0, 0.166667, 0.333333
456.hmmer,456.hmmer_880,1,45,0.0222222,0.0222222,0.688889,1.4,0.2,0,1,0,0,1.22222,0, 0.0888889, 0.422222
456.hmmer,456.hmmer_881,1,12,0,0.0833333,0.75,1.33333,0.166667,0,1,0,0,1.16667,0, 0.166667, 0.416667
