benchmark, unique_loop_id, loop_nest_level, dynOp_count, floatOp_count, branchOp_count, memOp_count, operands_count, implicit_instr_count, unique_pred_count, trip_count, loop_calls, reuse_count, use_count, def_count, store_count, load_count
462.libquantum,462.libquantum_1,1,5,0,0.2,0.6,1.4,0,0,1,2,0,1.2,0, 0.2, 0.4
462.libquantum,462.libquantum_2,1,0,0,0,0,0,0,0,1,3,0,0,0, 0, 0
462.libquantum,462.libquantum_3,1,21,0,0.047619,0.761905,1.47619,0,0,1,1,0,1.42857,0, 0.285714, 0.47619
462.libquantum,462.libquantum_4,1,1,0,1,0,1,0,0,1,2,0,0,0, 0, 0
462.libquantum,462.libquantum_5,1,1,0,1,0,1,0,0,1,11,0,0,0, 0, 0
462.libquantum,462.libquantum_6,2,33,0.0606061,0.121212,0.606061,1.48485,0.151515,0.030303,1,0,0,1.15152,0, 0.0606061, 0.393939
462.libquantum,462.libquantum_7,1,33,0.181818,0.0606061,0.666667,1.87879,0.0606061,0,1,0,0,1.24242,0, 0.151515, 0.242424
462.libquantum,462.libquantum_8,2,0,0,0,0,0,0,0,1,0,0,0,0, 0, 0
462.libquantum,462.libquantum_9,1,31,0.193548,0.0645161,0.387097,1.41935,0.258065,0,1,0,0,1.12903,0, 0.0967742, 0.258065
462.libquantum,462.libquantum_10,2,9,0,0.111111,0.666667,1.44444,0,0,1,11,0,1.33333,0, 0.222222, 0.444444
462.libquantum,462.libquantum_11,1,17,0,0.117647,0.588235,1.64706,0,0,1,1,0,1.29412,0, 0.117647, 0.470588
462.libquantum,462.libquantum_12,1,29,0,0.103448,0.586207,1.62069,0.206897,0.0344828,1,2181,0,1.10345,0, 0.0344828, 0.344828
462.libquantum,462.libquantum_13,1,44,0,0.113636,0.568182,1.63636,0.204545,0.0227273,1,7474,0,1.09091,0, 0.0227273, 0.340909
462.libquantum,462.libquantum_14,2,21,0,0.142857,0.52381,1.57143,0.190476,0.047619,1,0,0,1.04762,0, 0, 0.333333
462.libquantum,462.libquantum_15,1,21,0,0.190476,0.571429,1.57143,0.142857,0.047619,1,0,0,1.04762,0, 0.0952381, 0.333333
462.libquantum,462.libquantum_16,1,26,0,0.153846,0.615385,1.73077,0.115385,0.0384615,1,0,0,1.11538,0, 0.115385, 0.230769
462.libquantum,462.libquantum_17,1,14,0,0.0714286,0.642857,1.57143,0.214286,0,1,3449,0,1.14286,0, 0.0714286, 0.357143
462.libquantum,462.libquantum_18,1,72,0.166667,0.0555556,0.625,1.83333,0.111111,0.0138889,1,0,0,1.16667,0, 0.0694444, 0.277778
462.libquantum,462.libquantum_19,1,37,0.162162,0.0810811,0.594595,1.83784,0.108108,0.027027,1,0,0,1.13514,0, 0.0540541, 0.27027
462.libquantum,462.libquantum_20,1,19,0,0.0526316,0.631579,1.63158,0,0,1,0,0,1.42105,0, 0, 0.631579
462.libquantum,462.libquantum_21,2,20,0,0.05,0.55,1.5,0.25,0,1,225280,0,1.2,0, 0.05, 0.35
462.libquantum,462.libquantum_22,1,59,0,0.0508475,0.644068,1.59322,0.186441,0.0169492,1,110,0,1.22034,0, 0.118644, 0.372881
462.libquantum,462.libquantum_23,1,34,0,0.0294118,0.529412,1.70588,0,0,1,11,0,1.41176,0, 0, 0.529412
462.libquantum,462.libquantum_24,1,76,0.0131579,0.0789474,0.75,1.77632,0.0789474,0.0263158,1,22,0,1.14474,0, 0.0921053, 0.355263
462.libquantum,462.libquantum_25,1,412,0.169903,0.0558252,0.674757,1.91505,0.0606796,0.00728155,1,22,0,1.23786,0, 0.065534, 0.288835
462.libquantum,462.libquantum_26,1,28,0,0.0357143,0.821429,1.82143,0.0714286,0,1,22,0,1.10714,0, 0.107143, 0.357143
462.libquantum,462.libquantum_27,1,90,0.0222222,0.1,0.611111,1.78889,0.144444,0.0333333,1,22,0,1.11111,0, 0.0777778, 0.3
462.libquantum,462.libquantum_28,1,12,0,0.0833333,0.75,1.66667,0.0833333,0,1,22,0,1.16667,0, 0, 0.5
462.libquantum,462.libquantum_29,1,8,0,0.125,0.75,1.5,0.125,0,1,22,0,1,0, 0.125, 0.375
462.libquantum,462.libquantum_30,1,12,0,0.166667,0.583333,1.75,0.0833333,0.0833333,1,11519,0,1.08333,0, 0.166667, 0.333333
462.libquantum,462.libquantum_31,1,27,0,0.111111,0.62963,1.77778,0.111111,0.037037,1,19284,0,1.03704,0, 0.0740741, 0.333333
462.libquantum,462.libquantum_32,1,76,0.0131579,0.0789474,0.75,1.77632,0.0789474,0.0263158,1,0,0,1.14474,0, 0.0921053, 0.355263
462.libquantum,462.libquantum_33,1,400,0.18,0.0575,0.67,1.9175,0.0525,0.0075,1,0,0,1.24,0, 0.0575, 0.2925
462.libquantum,462.libquantum_34,1,28,0,0.0357143,0.821429,1.82143,0.0714286,0,1,0,0,1.10714,0, 0.107143, 0.357143
462.libquantum,462.libquantum_35,1,78,0.0512821,0.115385,0.576923,1.78205,0.115385,0.0384615,1,0,0,1.10256,0, 0.0384615, 0.320513
462.libquantum,462.libquantum_36,1,12,0,0.0833333,0.75,1.66667,0.0833333,0,1,0,0,1.16667,0, 0, 0.5
462.libquantum,462.libquantum_37,1,8,0,0.125,0.75,1.5,0.125,0,1,0,0,1,0, 0.125, 0.375
462.libquantum,462.libquantum_38,1,4,0,0.25,0.5,1.5,0,0,1,0,0,1,0, 0, 0.5
462.libquantum,462.libquantum_39,1,72,0.236111,0.0555556,0.611111,1.90278,0.0694444,0.0138889,1,0,0,1.30556,0, 0.0555556, 0.263889
462.libquantum,462.libquantum_40,1,26,0.230769,0.0384615,0.692308,1.96154,0.0384615,0,1,0,0,1.30769,0, 0.0769231, 0.269231
462.libquantum,462.libquantum_41,1,41,0.146341,0.0731707,0.634146,1.85366,0.097561,0.0243902,1,0,0,1.21951,0, 0.0487805, 0.292683
462.libquantum,462.libquantum_42,1,56,0.107143,0.0892857,0.607143,1.80357,0.125,0.0178571,1,55,0,1.17857,0, 0.0357143, 0.303571
462.libquantum,462.libquantum_43,1,56,0.107143,0.0892857,0.607143,1.80357,0.125,0.0178571,1,0,0,1.17857,0, 0.0357143, 0.303571
462.libquantum,462.libquantum_44,1,56,0.107143,0.0892857,0.607143,1.80357,0.125,0.0178571,1,0,0,1.17857,0, 0.0357143, 0.303571
462.libquantum,462.libquantum_45,2,46,0,0.0217391,0.695652,1.84783,0.130435,0,1,0,0,1.21739,0, 0.0869565, 0.304348
462.libquantum,462.libquantum_46,1,4,0,0.5,0.25,1.5,0,0,1,0,0,0.25,0, 0.25, 0
462.libquantum,462.libquantum_47,1,0,0,0,0,0,0,0,1,0,0,0,0, 0, 0
462.libquantum,462.libquantum_48,1,25,0.08,0.08,0.68,1.84,0.12,0.04,1,1,0,1.12,0, 0.12, 0.28
462.libquantum,462.libquantum_49,1,36,0.0277778,0.0833333,0.694444,1.75,0.111111,0.0277778,1,20,0,1.13889,0, 0.0833333, 0.333333
462.libquantum,462.libquantum_50,1,75,0.24,0.04,0.6,1.85333,0.08,0.0133333,1,0,0,1.22667,0, 0.0533333, 0.266667
462.libquantum,462.libquantum_51,1,97,0.0206186,0.103093,0.701031,1.79381,0.0927835,0.0103093,1,0,0,1.09278,0, 0.123711, 0.298969
462.libquantum,462.libquantum_52,1,36,0.0277778,0.0833333,0.694444,1.75,0.111111,0.0277778,1,0,0,1.13889,0, 0.0833333, 0.333333
462.libquantum,462.libquantum_53,1,42,0,0.0952381,0.52381,1.69048,0.0238095,0.0238095,1,220,0,1.30952,0, 0, 0.52381
462.libquantum,462.libquantum_54,1,42,0,0.0952381,0.52381,1.69048,0.0238095,0.0238095,1,220,0,1.30952,0, 0, 0.52381
462.libquantum,462.libquantum_55,1,36,0,0.166667,0.472222,1.75,0.0555556,0.0277778,1,110,0,1.19444,0, 0.0833333, 0.388889
462.libquantum,462.libquantum_56,1,38,0,0.157895,0.473684,1.73684,0.0526316,0.0263158,1,110,0,1.21053,0, 0.0789474, 0.394737
462.libquantum,462.libquantum_57,1,26,0,0.0384615,0.423077,1.5,0.230769,0,9,0,0,1.23077,0, 0.0769231, 0.307692
462.libquantum,462.libquantum_58,1,24,0,0.0416667,0.458333,1.54167,0.166667,0,5,0,0,1.25,0, 0.0833333, 0.333333
462.libquantum,462.libquantum_59,1,11,0,0.0909091,0.727273,1.27273,0.181818,0,9,0,0,1.18182,0, 0.0909091, 0.454545
462.libquantum,462.libquantum_60,1,18,0,0.0555556,0.444444,1.44444,0.222222,0,9,0,0,1.22222,0, 0.0555556, 0.333333
462.libquantum,462.libquantum_61,1,17,0,0.0588235,0.470588,1.47059,0.176471,0,5,0,0,1.23529,0, 0.0588235, 0.352941
462.libquantum,462.libquantum_62,1,12,0,0.0833333,0.75,1.5,0.0833333,0,1,0,1,0.916667,0, 0.166667, 0.416667
462.libquantum,462.libquantum_63,2,5,0,0.2,0.6,1.6,0.2,0,81,0,0,1,0, 0.2, 0.2
462.libquantum,462.libquantum_64,1,185,0,0.145946,0.545946,2.32432,0.0702703,0,1,0,0,1.16757,0, 0.0756757, 0.340541
462.libquantum,462.libquantum_65,1,17,0,0.176471,0.411765,1.70588,0.0588235,0.0588235,1,22,0,1.17647,0, 0, 0.411765
462.libquantum,462.libquantum_66,1,29,0,0.0344828,0.551724,1.72414,0.0344828,0,1,11,0,1.41379,0, 0, 0.551724
462.libquantum,462.libquantum_67,1,31,0,0.0322581,0.548387,1.70968,0.0322581,0,1,11,0,1.41935,0, 0, 0.548387
462.libquantum,462.libquantum_68,1,66,0,0.0909091,0.621212,1.71212,0,0.030303,1,0,0,1.21212,0, 0, 0.515152
462.libquantum,462.libquantum_69,1,28,0,0.178571,0.464286,1.75,0,0.0714286,1,0,0,1.17857,0, 0.0714286, 0.392857
462.libquantum,462.libquantum_70,1,50,0,0.12,0.52,1.64,0,0.04,1,0,0,1.26,0, 0, 0.52
462.libquantum,462.libquantum_71,1,142,0,0.112676,0.570423,1.67606,0.140845,0.0140845,1,0,0,1.08451,0, 0.0633803, 0.338028
462.libquantum,462.libquantum_72,2,5,0,0.2,0.6,1.6,0,0,1,11,0,1.2,0, 0, 0.6
462.libquantum,462.libquantum_73,1,8,0,0.25,0.5,1.5,0,0,1,1,0,1,0, 0.125, 0.375
462.libquantum,462.libquantum_74,2,5,0,0.2,0.6,1.6,0,0,1,0,0,1.2,0, 0, 0.6
462.libquantum,462.libquantum_75,1,8,0,0.25,0.5,1.5,0,0,1,0,0,1,0, 0.125, 0.375
462.libquantum,462.libquantum_76,1,48,0.0416667,0.0625,0.75,1.79167,0.104167,0.0208333,1,0,0,1.14583,0, 0.0833333, 0.333333
462.libquantum,462.libquantum_77,1,19,0.105263,0.157895,0.578947,1.73684,0.0526316,0.0526316,1,0,0,1.05263,0, 0.0526316, 0.315789
462.libquantum,462.libquantum_78,1,25,0,0.04,0.88,1.92,0.08,0,1,0,0,1.08,0, 0.08, 0.32
462.libquantum,462.libquantum_79,2,21,0,0.142857,0.380952,1.71429,0.190476,0.0952381,1,0,0,0.904762,0, 0, 0.238095
462.libquantum,462.libquantum_80,1,69,0,0.0289855,0.73913,1.91304,0.144928,0,1,0,0,1.08696,0, 0.101449, 0.275362
462.libquantum,462.libquantum_81,1,18,0,0.0555556,0.555556,1.77778,0.166667,0,1,0,0,1.05556,0, 0, 0.333333
462.libquantum,462.libquantum_82,1,22,0,0.0454545,0.772727,1.59091,0.181818,0,1,1,0,1.18182,0, 0.0909091, 0.409091
462.libquantum,462.libquantum_83,1,27,0,0.111111,0.62963,1.74074,0.111111,0.037037,1,0,0,1,0, 0, 0.37037
462.libquantum,462.libquantum_84,2,80,0.075,0.0125,0.75,1.7875,0.1,0,1,0,0,1.25,0, 0.0375, 0.375
462.libquantum,462.libquantum_85,1,3,0,0.666667,0.333333,1.33333,0,0,1,0,0,0.333333,0, 0.333333, 0
462.libquantum,462.libquantum_86,2,7,0,0.142857,0.428571,1.42857,0.285714,0,1,30925,0,1.14286,0, 0.142857, 0.285714
462.libquantum,462.libquantum_87,2,7,0,0.142857,0.428571,1.42857,0.285714,0,1,30925,0,1.14286,0, 0.142857, 0.285714
462.libquantum,462.libquantum_88,1,109,0.146789,0.0733945,0.59633,1.81651,0.0825688,0.00917431,1,20,0,1.16514,0, 0.0917431, 0.275229
462.libquantum,462.libquantum_89,1,54,0.0185185,0.111111,0.62963,1.81481,0.0925926,0.0185185,1,20,0,1.09259,0, 0.0740741, 0.314815
462.libquantum,462.libquantum_90,1,67,0.119403,0.0447761,0.716418,1.8806,0.0746269,0.0149254,1,0,0,1.23881,0, 0.0895522, 0.313433
462.libquantum,462.libquantum_91,1,12,0,0.0833333,0.75,1.66667,0.0833333,0,1,0,0,1.16667,0, 0, 0.5
462.libquantum,462.libquantum_92,1,8,0,0.125,0.75,1.5,0.125,0,1,0,0,1,0, 0.125, 0.375
462.libquantum,462.libquantum_93,1,12,0,0.166667,0.583333,1.75,0.0833333,0.0833333,1,0,0,1.08333,0, 0.166667, 0.333333
462.libquantum,462.libquantum_94,1,27,0,0.111111,0.62963,1.77778,0.111111,0.037037,1,0,0,1.03704,0, 0.0740741, 0.333333
462.libquantum,462.libquantum_95,1,19,0,0.0526316,0.473684,1.78947,0,0,1,1,0,1.42105,0, 0, 0.473684
462.libquantum,462.libquantum_96,1,2,0,0.5,0,2,0,0,1,1,0,0.5,0, 0, 0
462.libquantum,462.libquantum_97,1,3,0,0.333333,0.333333,1.66667,0,0,1,1,0,1,0, 0, 0.333333
462.libquantum,462.libquantum_98,1,5,0,0.4,0.2,1.8,0,0.2,1,1,0,0.8,0, 0, 0.2
