benchmark, unique_loop_id, loop_nest_level, dynOp_count, floatOp_count, branchOp_count, memOp_count, operands_count, implicit_instr_count, unique_pred_count, trip_count, loop_calls, reuse_count, use_count, def_count, store_count, load_count
471.omnetpp,471.omnetpp_1,1,35,0,0.0857143,0.428571,1.88571,0.228571,0.0285714,1,35997,0,1.17143,0, 0.0857143, 0.314286
471.omnetpp,471.omnetpp_2,1,22,0,0.0454545,0.5,2.13636,0.227273,0,1,0,0,1.13636,0, 0.0454545, 0.363636
471.omnetpp,471.omnetpp_3,1,40,0,0.1,0.55,2.475,0.075,0.025,1,0,0,1.05,0, 0, 0.275
471.omnetpp,471.omnetpp_4,1,118,0.0338983,0.059322,0.745763,1.87288,0.101695,0.00847458,1,0,2,1.13559,0, 0.0508475, 0.29661
471.omnetpp,471.omnetpp_5,1,21,0.047619,0.142857,0.571429,1.85714,0.142857,0.047619,1,0,0,1.04762,0, 0, 0.285714
471.omnetpp,471.omnetpp_6,1,43,0.0232558,0.162791,0.581395,1.72093,0.0930233,0.0465116,1,0,0,1.09302,0, 0.0465116, 0.325581
471.omnetpp,471.omnetpp_7,1,0,0,0,0,0,0,0,1,0,0,0,0, 0, 0
471.omnetpp,471.omnetpp_8,1,11,0,0.272727,0.363636,2.45455,0,0,1,2,0,1,0, 0, 0.363636
471.omnetpp,471.omnetpp_9,1,11,0,0.272727,0.363636,2.45455,0,0,1,2,0,1,0, 0, 0.363636
471.omnetpp,471.omnetpp_10,1,11,0,0.272727,0.363636,2.45455,0,0,1,2,0,1,0, 0, 0.363636
471.omnetpp,471.omnetpp_11,1,11,0,0.272727,0.363636,2.45455,0,0,1,2,0,1,0, 0, 0.363636
471.omnetpp,471.omnetpp_12,1,16,0,0.0625,0.4375,1.875,0.25,0,1,0,0,1.125,0, 0.0625, 0.3125
471.omnetpp,471.omnetpp_13,1,46,0,0.195652,0.456522,1.63043,0.108696,0.0434783,1,0,0,1.1087,0, 0.0434783, 0.326087
471.omnetpp,471.omnetpp_14,1,21,0,0.142857,0.47619,1.66667,0.190476,0,1,2,0,1.09524,0, 0.0952381, 0.285714
471.omnetpp,471.omnetpp_15,1,19,0,0.157895,0.526316,1.78947,0.105263,0,1,294360,0,1.15789,0, 0.157895, 0.263158
471.omnetpp,471.omnetpp_16,1,0,0,0,0,0,0,0,1,6,0,0,0, 0, 0
471.omnetpp,471.omnetpp_17,1,189,0,0.153439,0.592593,1.97354,0.0634921,0.015873,1,0,0,1.18519,0, 0.10582, 0.42328
471.omnetpp,471.omnetpp_18,2,17,0,0.176471,0.588235,2.05882,0,0,1,0,0,1.11765,0, 0, 0.470588
471.omnetpp,471.omnetpp_19,1,87,0,0.091954,0.528736,2.21839,0.091954,0.0229885,1,0,0,1.13793,0, 0.0689655, 0.367816
471.omnetpp,471.omnetpp_20,1,11,0,0.272727,0.363636,2.45455,0,0,1,0,0,1,0, 0, 0.363636
471.omnetpp,471.omnetpp_21,1,101,0,0.148515,0.594059,1.9901,0.0594059,0.029703,1,0,0,1.18812,0, 0.118812, 0.415842
471.omnetpp,471.omnetpp_22,2,17,0,0.176471,0.588235,2.05882,0,0,1,0,0,1.11765,0, 0, 0.470588
471.omnetpp,471.omnetpp_23,1,76,0,0.0921053,0.513158,2.22368,0.105263,0.0263158,1,0,0,1.13158,0, 0.0657895, 0.355263
471.omnetpp,471.omnetpp_24,1,11,0,0.272727,0.363636,2.45455,0,0,1,0,0,1,0, 0, 0.363636
471.omnetpp,471.omnetpp_25,1,101,0,0.148515,0.594059,1.9901,0.0594059,0.029703,1,0,0,1.18812,0, 0.118812, 0.415842
471.omnetpp,471.omnetpp_26,1,101,0,0.148515,0.594059,1.9901,0.0594059,0.029703,1,0,0,1.18812,0, 0.118812, 0.415842
471.omnetpp,471.omnetpp_27,2,17,0,0.176471,0.588235,2.05882,0,0,1,0,0,1.11765,0, 0, 0.470588
471.omnetpp,471.omnetpp_28,1,76,0,0.0921053,0.513158,2.22368,0.105263,0.0263158,1,0,0,1.13158,0, 0.0657895, 0.355263
471.omnetpp,471.omnetpp_29,1,11,0,0.272727,0.363636,2.45455,0,0,1,0,0,1,0, 0, 0.363636
471.omnetpp,471.omnetpp_30,2,17,0,0.176471,0.588235,2.05882,0,0,1,0,0,1.11765,0, 0, 0.470588
471.omnetpp,471.omnetpp_31,1,76,0,0.0921053,0.513158,2.22368,0.105263,0.0263158,1,0,0,1.13158,0, 0.0657895, 0.355263
471.omnetpp,471.omnetpp_32,1,11,0,0.272727,0.363636,2.45455,0,0,1,0,0,1,0, 0, 0.363636
471.omnetpp,471.omnetpp_33,1,95,0,0.157895,0.589474,1.96842,0.0631579,0.0315789,1,0,0,1.17895,0, 0.105263, 0.421053
471.omnetpp,471.omnetpp_34,1,101,0,0.148515,0.594059,1.9901,0.0594059,0.029703,1,0,0,1.18812,0, 0.118812, 0.415842
471.omnetpp,471.omnetpp_35,1,101,0,0.148515,0.594059,1.9901,0.0594059,0.029703,1,0,0,1.18812,0, 0.118812, 0.415842
471.omnetpp,471.omnetpp_36,2,17,0,0.176471,0.588235,2.05882,0,0,1,0,0,1.11765,0, 0, 0.470588
471.omnetpp,471.omnetpp_37,1,76,0,0.0921053,0.513158,2.22368,0.105263,0.0263158,1,0,0,1.13158,0, 0.0657895, 0.355263
471.omnetpp,471.omnetpp_38,1,11,0,0.272727,0.363636,2.45455,0,0,1,0,0,1,0, 0, 0.363636
471.omnetpp,471.omnetpp_39,2,17,0,0.176471,0.588235,2.05882,0,0,1,0,0,1.11765,0, 0, 0.470588
471.omnetpp,471.omnetpp_40,1,76,0,0.0921053,0.513158,2.22368,0.105263,0.0263158,1,0,0,1.13158,0, 0.0657895, 0.355263
471.omnetpp,471.omnetpp_41,1,11,0,0.272727,0.363636,2.45455,0,0,1,0,0,1,0, 0, 0.363636
471.omnetpp,471.omnetpp_42,2,17,0,0.176471,0.588235,2.05882,0,0,1,0,0,1.11765,0, 0, 0.470588
471.omnetpp,471.omnetpp_43,1,76,0,0.0921053,0.513158,2.22368,0.105263,0.0263158,1,0,0,1.13158,0, 0.0657895, 0.355263
471.omnetpp,471.omnetpp_44,1,11,0,0.272727,0.363636,2.45455,0,0,1,0,0,1,0, 0, 0.363636
471.omnetpp,471.omnetpp_45,1,197,0,0.0761421,0.568528,2.1066,0.0913706,0.0152284,1,0,0,1.24873,0, 0.13198, 0.35533
471.omnetpp,471.omnetpp_46,1,165,0,0.0909091,0.569697,2.10303,0.0848485,0.0181818,1,0,0,1.23636,0, 0.133333, 0.363636
471.omnetpp,471.omnetpp_47,1,101,0,0.148515,0.594059,1.9901,0.0594059,0.029703,1,0,0,1.18812,0, 0.118812, 0.415842
471.omnetpp,471.omnetpp_48,1,197,0,0.0761421,0.568528,2.1066,0.0913706,0.0152284,1,0,0,1.24873,0, 0.13198, 0.35533
471.omnetpp,471.omnetpp_49,1,165,0,0.0909091,0.569697,2.10303,0.0848485,0.0181818,1,0,0,1.23636,0, 0.133333, 0.363636
471.omnetpp,471.omnetpp_50,1,101,0,0.148515,0.594059,1.9901,0.0594059,0.029703,1,0,0,1.18812,0, 0.118812, 0.415842
471.omnetpp,471.omnetpp_51,1,197,0,0.0761421,0.568528,2.1066,0.0913706,0.0152284,1,0,0,1.24873,0, 0.13198, 0.35533
471.omnetpp,471.omnetpp_52,1,165,0,0.0909091,0.569697,2.10303,0.0848485,0.0181818,1,0,0,1.23636,0, 0.133333, 0.363636
471.omnetpp,471.omnetpp_53,1,101,0,0.148515,0.594059,1.9901,0.0594059,0.029703,1,0,0,1.18812,0, 0.118812, 0.415842
471.omnetpp,471.omnetpp_54,1,197,0,0.0761421,0.568528,2.1066,0.0913706,0.0152284,1,0,0,1.24873,0, 0.13198, 0.35533
471.omnetpp,471.omnetpp_55,1,165,0,0.0909091,0.569697,2.10303,0.0848485,0.0181818,1,0,0,1.23636,0, 0.133333, 0.363636
471.omnetpp,471.omnetpp_56,1,101,0,0.148515,0.594059,1.9901,0.0594059,0.029703,1,0,0,1.18812,0, 0.118812, 0.415842
471.omnetpp,471.omnetpp_57,1,431,0,0.0440835,0.566125,2.11833,0.106729,0.00696056,1,0,0,1.27146,0, 0.134571, 0.334107
471.omnetpp,471.omnetpp_58,2,329,0,0.0577508,0.577508,2.07599,0.0972644,0.00911854,1,0,0,1.26444,0, 0.12766, 0.352584
471.omnetpp,471.omnetpp_59,1,42,0,0.0714286,0.52381,2.11905,0.119048,0.0238095,1,0,0,1.21429,0, 0.190476, 0.261905
471.omnetpp,471.omnetpp_60,2,297,0,0.0639731,0.579125,2.07071,0.0942761,0.010101,1,0,0,1.25926,0, 0.127946, 0.356902
471.omnetpp,471.omnetpp_61,1,42,0,0.0714286,0.52381,2.11905,0.119048,0.0238095,1,0,0,1.21429,0, 0.190476, 0.261905
471.omnetpp,471.omnetpp_62,2,233,0,0.0815451,0.592275,2.01288,0.0858369,0.0128755,1,0,0,1.24464,0, 0.120172, 0.377682
471.omnetpp,471.omnetpp_63,1,42,0,0.0714286,0.52381,2.11905,0.119048,0.0238095,1,0,0,1.21429,0, 0.190476, 0.261905
471.omnetpp,471.omnetpp_64,2,17,0,0.176471,0.588235,2.05882,0,0,1,0,0,1.11765,0, 0, 0.470588
471.omnetpp,471.omnetpp_65,1,76,0,0.0921053,0.513158,2.22368,0.105263,0.0263158,1,0,0,1.13158,0, 0.0657895, 0.355263
471.omnetpp,471.omnetpp_66,2,17,0,0.176471,0.588235,2.05882,0,0,1,0,0,1.11765,0, 0, 0.470588
471.omnetpp,471.omnetpp_67,1,76,0,0.0921053,0.513158,2.22368,0.105263,0.0263158,1,0,0,1.13158,0, 0.0657895, 0.355263
471.omnetpp,471.omnetpp_68,2,17,0,0.176471,0.588235,2.05882,0,0,1,0,0,1.11765,0, 0, 0.470588
471.omnetpp,471.omnetpp_69,1,76,0,0.0921053,0.513158,2.22368,0.105263,0.0263158,1,0,0,1.13158,0, 0.0657895, 0.355263
471.omnetpp,471.omnetpp_70,1,11,0,0.272727,0.363636,2.45455,0,0,1,0,0,1,0, 0, 0.363636
471.omnetpp,471.omnetpp_71,1,11,0,0.272727,0.363636,2.45455,0,0,1,0,0,1,0, 0, 0.363636
471.omnetpp,471.omnetpp_72,2,17,0,0.176471,0.588235,2.05882,0,0,1,0,0,1.11765,0, 0, 0.470588
471.omnetpp,471.omnetpp_73,1,76,0,0.0921053,0.513158,2.22368,0.105263,0.0263158,1,0,0,1.13158,0, 0.0657895, 0.355263
471.omnetpp,471.omnetpp_74,2,17,0,0.176471,0.588235,2.05882,0,0,1,0,0,1.11765,0, 0, 0.470588
471.omnetpp,471.omnetpp_75,1,76,0,0.0921053,0.513158,2.22368,0.105263,0.0263158,1,0,0,1.13158,0, 0.0657895, 0.355263
471.omnetpp,471.omnetpp_76,2,17,0,0.176471,0.588235,2.05882,0,0,1,0,0,1.11765,0, 0, 0.470588
471.omnetpp,471.omnetpp_77,1,76,0,0.0921053,0.513158,2.22368,0.105263,0.0263158,1,0,0,1.13158,0, 0.0657895, 0.355263
471.omnetpp,471.omnetpp_78,1,11,0,0.272727,0.363636,2.45455,0,0,1,0,0,1,0, 0, 0.363636
471.omnetpp,471.omnetpp_79,1,11,0,0.272727,0.363636,2.45455,0,0,1,0,0,1,0, 0, 0.363636
471.omnetpp,471.omnetpp_80,2,17,0,0.176471,0.588235,2.05882,0,0,1,0,0,1.11765,0, 0, 0.470588
471.omnetpp,471.omnetpp_81,1,76,0,0.0921053,0.513158,2.22368,0.105263,0.0263158,1,0,0,1.13158,0, 0.0657895, 0.355263
471.omnetpp,471.omnetpp_82,2,17,0,0.176471,0.588235,2.05882,0,0,1,0,0,1.11765,0, 0, 0.470588
471.omnetpp,471.omnetpp_83,1,76,0,0.0921053,0.513158,2.22368,0.105263,0.0263158,1,0,0,1.13158,0, 0.0657895, 0.355263
471.omnetpp,471.omnetpp_84,2,17,0,0.176471,0.588235,2.05882,0,0,1,0,0,1.11765,0, 0, 0.470588
471.omnetpp,471.omnetpp_85,1,76,0,0.0921053,0.513158,2.22368,0.105263,0.0263158,1,0,0,1.13158,0, 0.0657895, 0.355263
471.omnetpp,471.omnetpp_86,1,11,0,0.272727,0.363636,2.45455,0,0,1,0,0,1,0, 0, 0.363636
471.omnetpp,471.omnetpp_87,1,11,0,0.272727,0.363636,2.45455,0,0,1,0,0,1,0, 0, 0.363636
471.omnetpp,471.omnetpp_88,2,17,0,0.176471,0.588235,2.05882,0,0,1,0,0,1.11765,0, 0, 0.470588
471.omnetpp,471.omnetpp_89,1,76,0,0.0921053,0.513158,2.22368,0.105263,0.0263158,1,0,0,1.13158,0, 0.0657895, 0.355263
471.omnetpp,471.omnetpp_90,2,17,0,0.176471,0.588235,2.05882,0,0,1,0,0,1.11765,0, 0, 0.470588
471.omnetpp,471.omnetpp_91,1,76,0,0.0921053,0.513158,2.22368,0.105263,0.0263158,1,0,0,1.13158,0, 0.0657895, 0.355263
471.omnetpp,471.omnetpp_92,2,17,0,0.176471,0.588235,2.05882,0,0,1,0,0,1.11765,0, 0, 0.470588
471.omnetpp,471.omnetpp_93,1,76,0,0.0921053,0.513158,2.22368,0.105263,0.0263158,1,0,0,1.13158,0, 0.0657895, 0.355263
471.omnetpp,471.omnetpp_94,1,11,0,0.272727,0.363636,2.45455,0,0,1,0,0,1,0, 0, 0.363636
471.omnetpp,471.omnetpp_95,1,11,0,0.272727,0.363636,2.45455,0,0,1,0,0,1,0, 0, 0.363636
471.omnetpp,471.omnetpp_96,2,17,0,0.176471,0.588235,2.05882,0,0,1,0,0,1.11765,0, 0, 0.470588
471.omnetpp,471.omnetpp_97,1,76,0,0.0921053,0.513158,2.22368,0.105263,0.0263158,1,0,0,1.13158,0, 0.0657895, 0.355263
471.omnetpp,471.omnetpp_98,2,17,0,0.176471,0.588235,2.05882,0,0,1,0,0,1.11765,0, 0, 0.470588
471.omnetpp,471.omnetpp_99,1,76,0,0.0921053,0.513158,2.22368,0.105263,0.0263158,1,0,0,1.13158,0, 0.0657895, 0.355263
471.omnetpp,471.omnetpp_100,2,17,0,0.176471,0.588235,2.05882,0,0,1,0,0,1.11765,0, 0, 0.470588
471.omnetpp,471.omnetpp_101,1,76,0,0.0921053,0.513158,2.22368,0.105263,0.0263158,1,0,0,1.13158,0, 0.0657895, 0.355263
471.omnetpp,471.omnetpp_102,2,17,0,0.176471,0.588235,2.05882,0,0,1,0,0,1.11765,0, 0, 0.470588
471.omnetpp,471.omnetpp_103,1,224,0,0.0401786,0.549107,2.19196,0.107143,0.0133929,1,0,0,1.24107,0, 0.111607, 0.334821
471.omnetpp,471.omnetpp_104,1,11,0,0.272727,0.363636,2.45455,0,0,1,0,0,1,0, 0, 0.363636
471.omnetpp,471.omnetpp_105,1,11,0,0.272727,0.363636,2.45455,0,0,1,0,0,1,0, 0, 0.363636
471.omnetpp,471.omnetpp_106,1,11,0,0.272727,0.363636,2.45455,0,0,1,0,0,1,0, 0, 0.363636
471.omnetpp,471.omnetpp_107,2,9,0,0.222222,0.222222,1.66667,0.111111,0.111111,1,12,0,0.888889,0, 0, 0.222222
471.omnetpp,471.omnetpp_108,2,9,0,0.222222,0.222222,1.66667,0.111111,0.111111,1,12,0,0.888889,0, 0, 0.222222
471.omnetpp,471.omnetpp_109,1,128,0,0.179688,0.445312,1.47656,0.15625,0.0078125,1,2,0,1.00781,0, 0.078125, 0.320312
471.omnetpp,471.omnetpp_110,1,9,0,0.111111,0.555556,1.77778,0.222222,0,7,2,0,1.11111,0, 0, 0.333333
471.omnetpp,471.omnetpp_111,1,47,0,0.191489,0.425532,2,0.0851064,0.0425532,1,0,0,1.06383,0, 0.106383, 0.234043
471.omnetpp,471.omnetpp_112,1,17,0,0.176471,0.411765,1.52941,0.235294,0.0588235,1,0,0,1.11765,0, 0, 0.352941
471.omnetpp,471.omnetpp_113,1,30,0.0666667,0.133333,0.333333,2.2,0.0333333,0.0666667,1,0,0,1,0, 0, 0.133333
471.omnetpp,471.omnetpp_114,1,41,0.0487805,0.121951,0.414634,2.2439,0.0731707,0.0487805,1,0,0,1.07317,0, 0.0487805, 0.146341
471.omnetpp,471.omnetpp_115,1,17,0.0588235,0.176471,0.470588,2.11765,0.117647,0.0588235,1,0,0,1.05882,0, 0.0588235, 0.176471
471.omnetpp,471.omnetpp_116,1,21,0,0.142857,0.47619,1.66667,0.190476,0,1,0,0,1.09524,0, 0.0952381, 0.285714
471.omnetpp,471.omnetpp_117,1,19,0,0.157895,0.526316,1.78947,0.105263,0,1,0,0,1.15789,0, 0.157895, 0.263158
471.omnetpp,471.omnetpp_118,1,0,0,0,0,0,0,0,1,0,0,0,0, 0, 0
471.omnetpp,471.omnetpp_119,1,15,0,0.0666667,0.6,2.33333,0.133333,0,1,0,0,1.2,0, 0.0666667, 0.266667
471.omnetpp,471.omnetpp_120,1,9,0,0.222222,0.555556,1.66667,0.111111,0,1,0,0,1,0, 0, 0.333333
471.omnetpp,471.omnetpp_121,1,6,0,0.166667,0.5,1.83333,0.166667,0,1,0,0,1.16667,0, 0, 0.333333
471.omnetpp,471.omnetpp_122,1,28,0,0.0357143,0.75,1.92857,0.142857,0,1,0,0,1.17857,0, 0.0714286, 0.285714
471.omnetpp,471.omnetpp_123,1,0,0,0,0,0,0,0,1,1,0,0,0, 0, 0
471.omnetpp,471.omnetpp_124,1,0,0,0,0,0,0,0,1,0,0,0,0, 0, 0
471.omnetpp,471.omnetpp_125,1,6,0,0.166667,0.5,1.83333,0.166667,0,1,0,0,1.16667,0, 0, 0.333333
471.omnetpp,471.omnetpp_126,1,11,0,0.272727,0.363636,2.45455,0,0,1,0,0,1,0, 0, 0.363636
471.omnetpp,471.omnetpp_127,1,11,0,0.272727,0.363636,2.45455,0,0,1,0,0,1,0, 0, 0.363636
471.omnetpp,471.omnetpp_128,1,11,0,0.272727,0.363636,2.45455,0,0,1,0,0,1,0, 0, 0.363636
471.omnetpp,471.omnetpp_129,1,11,0,0.272727,0.363636,2.45455,0,0,1,0,0,1,0, 0, 0.363636
471.omnetpp,471.omnetpp_130,1,11,0,0.272727,0.363636,2.45455,0,0,1,0,0,1,0, 0, 0.363636
471.omnetpp,471.omnetpp_131,1,11,0,0.272727,0.363636,2.45455,0,0,1,0,0,1,0, 0, 0.363636
471.omnetpp,471.omnetpp_132,1,11,0,0.272727,0.363636,2.45455,0,0,1,0,0,1,0, 0, 0.363636
471.omnetpp,471.omnetpp_133,1,11,0,0.272727,0.363636,2.45455,0,0,1,0,0,1,0, 0, 0.363636
471.omnetpp,471.omnetpp_134,1,11,0,0.272727,0.363636,2.45455,0,0,1,0,0,1,0, 0, 0.363636
471.omnetpp,471.omnetpp_135,1,11,0,0.272727,0.363636,2.45455,0,0,1,0,0,1,0, 0, 0.363636
471.omnetpp,471.omnetpp_136,1,11,0,0.272727,0.363636,2.45455,0,0,1,0,0,1,0, 0, 0.363636
471.omnetpp,471.omnetpp_137,1,11,0,0.272727,0.363636,2.45455,0,0,1,0,0,1,0, 0, 0.363636
471.omnetpp,471.omnetpp_138,1,11,0,0.272727,0.363636,2.45455,0,0,1,0,0,1,0, 0, 0.363636
471.omnetpp,471.omnetpp_139,1,11,0,0.272727,0.363636,2.45455,0,0,1,0,0,1,0, 0, 0.363636
471.omnetpp,471.omnetpp_140,1,11,0,0.272727,0.363636,2.45455,0,0,1,1,0,1,0, 0, 0.363636
471.omnetpp,471.omnetpp_141,1,11,0,0.272727,0.363636,2.45455,0,0,1,1,0,1,0, 0, 0.363636
471.omnetpp,471.omnetpp_142,1,11,0,0.272727,0.363636,2.45455,0,0,1,0,0,1,0, 0, 0.363636
471.omnetpp,471.omnetpp_143,1,11,0,0.272727,0.363636,2.45455,0,0,1,0,0,1,0, 0, 0.363636
471.omnetpp,471.omnetpp_144,1,11,0,0.272727,0.363636,2.45455,0,0,1,0,0,1,0, 0, 0.363636
471.omnetpp,471.omnetpp_145,1,11,0,0.272727,0.363636,2.45455,0,0,1,0,0,1,0, 0, 0.363636
471.omnetpp,471.omnetpp_146,1,11,0,0.272727,0.363636,2.45455,0,0,1,0,0,1,0, 0, 0.363636
471.omnetpp,471.omnetpp_147,1,11,0,0.272727,0.363636,2.45455,0,0,1,0,0,1,0, 0, 0.363636
471.omnetpp,471.omnetpp_148,1,11,0,0.272727,0.363636,2.45455,0,0,1,0,0,1,0, 0, 0.363636
471.omnetpp,471.omnetpp_149,1,11,0,0.272727,0.363636,2.45455,0,0,1,0,0,1,0, 0, 0.363636
471.omnetpp,471.omnetpp_150,1,11,0,0.272727,0.363636,2.45455,0,0,1,0,0,1,0, 0, 0.363636
471.omnetpp,471.omnetpp_151,1,11,0,0.272727,0.363636,2.45455,0,0,1,0,0,1,0, 0, 0.363636
471.omnetpp,471.omnetpp_152,1,11,0,0.272727,0.363636,2.45455,0,0,1,0,0,1,0, 0, 0.363636
471.omnetpp,471.omnetpp_153,1,11,0,0.272727,0.363636,2.45455,0,0,1,0,0,1,0, 0, 0.363636
471.omnetpp,471.omnetpp_154,1,11,0,0.272727,0.363636,2.45455,0,0,1,0,0,1,0, 0, 0.363636
471.omnetpp,471.omnetpp_155,1,11,0,0.272727,0.363636,2.45455,0,0,1,0,0,1,0, 0, 0.363636
471.omnetpp,471.omnetpp_156,1,11,0,0.272727,0.363636,2.45455,0,0,1,0,0,1,0, 0, 0.363636
471.omnetpp,471.omnetpp_157,1,11,0,0.272727,0.363636,2.45455,0,0,1,0,0,1,0, 0, 0.363636
471.omnetpp,471.omnetpp_158,1,11,0,0.272727,0.363636,2.45455,0,0,1,1,0,1,0, 0, 0.363636
471.omnetpp,471.omnetpp_159,1,11,0,0.272727,0.363636,2.45455,0,0,1,0,0,1,0, 0, 0.363636
471.omnetpp,471.omnetpp_160,1,11,0,0.272727,0.363636,2.45455,0,0,1,0,0,1,0, 0, 0.363636
471.omnetpp,471.omnetpp_161,1,11,0,0.272727,0.363636,2.45455,0,0,1,0,0,1,0, 0, 0.363636
471.omnetpp,471.omnetpp_162,1,10,0,0.3,0.1,2.3,0,0.1,1,1,0,0.7,0, 0, 0
471.omnetpp,471.omnetpp_163,1,191,0,0.146597,0.350785,2,0.136126,0.0104712,1,1,0,0.958115,0, 0.115183, 0.183246
471.omnetpp,471.omnetpp_164,1,8,0,0.125,0,2,0.25,0,1,0,0,0.875,0, 0, 0
471.omnetpp,471.omnetpp_165,1,8,0,0.125,0,2,0.25,0,1,0,0,0.875,0, 0, 0
471.omnetpp,471.omnetpp_166,1,8,0,0.125,0,2,0.25,0,1,0,0,0.875,0, 0, 0
471.omnetpp,471.omnetpp_167,1,30,0,0.166667,0.266667,2.66667,0.133333,0.0333333,1,1,0,0.8,0, 0.0333333, 0.166667
471.omnetpp,471.omnetpp_168,1,42,0,0.119048,0.404762,2.2619,0.214286,0,1,0,0,1,0, 0.0238095, 0.285714
471.omnetpp,471.omnetpp_169,1,0,0,0,0,0,0,0,1,1,0,0,0, 0, 0
471.omnetpp,471.omnetpp_170,1,8,0,0.25,0.375,1.5,0.125,0.125,1,4,0,0.875,0, 0, 0.375
471.omnetpp,471.omnetpp_171,1,8,0,0.25,0.375,1.5,0.125,0.125,1,2,0,0.875,0, 0, 0.375
471.omnetpp,471.omnetpp_172,1,8,0,0.25,0.375,1.5,0.125,0.125,1,2,0,0.875,0, 0, 0.375
471.omnetpp,471.omnetpp_173,1,27,0,0.111111,0.555556,1.59259,0.185185,0.037037,1,1,0,1.07407,0, 0, 0.333333
471.omnetpp,471.omnetpp_174,1,33,0,0.151515,0.515152,1.63636,0.151515,0.030303,1,5,0,1.06061,0, 0.030303, 0.30303
471.omnetpp,471.omnetpp_175,1,24,0,0.208333,0.333333,1.625,0.166667,0.125,1,1,0,1.08333,0, 0.0833333, 0.25
471.omnetpp,471.omnetpp_176,2,9,0,0.222222,0.222222,1.66667,0.111111,0.111111,1,0,0,0.888889,0, 0, 0.222222
471.omnetpp,471.omnetpp_177,1,14,0,0.214286,0.642857,1.71429,0,0.0714286,1,0,0,1,0, 0.214286, 0.357143
471.omnetpp,471.omnetpp_178,1,0,0,0,0,0,0,0,1,0,0,0,0, 0, 0
471.omnetpp,471.omnetpp_179,1,6,0,0.333333,0.333333,2.16667,0,0.166667,1,1,0,1,0, 0.166667, 0.166667
471.omnetpp,471.omnetpp_180,1,11,0,0.272727,0.363636,2.27273,0,0.0909091,1,1,0,1.09091,0, 0.0909091, 0.272727
471.omnetpp,471.omnetpp_181,1,34,0,0.205882,0.529412,1.79412,0.0882353,0.0294118,1,1,0,0.970588,0, 0, 0.264706
471.omnetpp,471.omnetpp_182,1,11,0,0.272727,0.454545,1.63636,0.0909091,0.0909091,1,1,0,0.909091,0, 0, 0.272727
471.omnetpp,471.omnetpp_183,3,20,0,0.2,0.3,1.7,0.2,0.05,1,51,0,1,0, 0, 0.2
471.omnetpp,471.omnetpp_184,2,38,0,0.184211,0.394737,1.76316,0.184211,0.105263,1,51,0,1.07895,0, 0.0526316, 0.236842
471.omnetpp,471.omnetpp_185,2,7,0,0.285714,0.285714,1.57143,0.142857,0.142857,1,51,0,0.857143,0, 0, 0.285714
471.omnetpp,471.omnetpp_186,2,14,0,0.285714,0.285714,1.57143,0.142857,0.0714286,1,32,0,0.857143,0, 0, 0.285714
471.omnetpp,471.omnetpp_187,2,7,0,0.285714,0.285714,1.57143,0.142857,0.142857,1,32,0,0.857143,0, 0, 0.285714
471.omnetpp,471.omnetpp_188,2,12,0,0.25,0.333333,1.66667,0.166667,0.0833333,1,25,0,0.916667,0, 0, 0.333333
471.omnetpp,471.omnetpp_189,2,14,0,0.285714,0.285714,1.57143,0.142857,0.0714286,1,25,0,0.857143,0, 0, 0.285714
471.omnetpp,471.omnetpp_190,2,7,0,0.285714,0.285714,1.57143,0.142857,0.142857,1,7,0,0.857143,0, 0, 0.285714
471.omnetpp,471.omnetpp_191,2,7,0,0.285714,0.285714,1.57143,0.142857,0.142857,1,6,0,0.857143,0, 0, 0.285714
471.omnetpp,471.omnetpp_192,2,11,0,0.181818,0.545455,1.72727,0.0909091,0.0909091,1,6,0,1.09091,0, 0, 0.363636
471.omnetpp,471.omnetpp_193,2,7,0,0.285714,0.285714,1.57143,0.142857,0.142857,1,0,0,0.857143,0, 0, 0.285714
471.omnetpp,471.omnetpp_194,2,12,0,0.25,0.333333,1.66667,0.166667,0.0833333,1,0,0,0.916667,0, 0, 0.333333
471.omnetpp,471.omnetpp_195,1,312,0,0.166667,0.580128,1.76923,0.0769231,0.0160256,1,1,0,1.04808,0, 0.134615, 0.291667
471.omnetpp,471.omnetpp_196,1,97,0,0.164948,0.608247,1.87629,0.113402,0.0206186,1,280,0,1.07216,0, 0.0412371, 0.298969
471.omnetpp,471.omnetpp_197,1,19,0,0.263158,0.473684,1.68421,0.0526316,0.105263,1,280,0,1,0, 0.0526316, 0.315789
471.omnetpp,471.omnetpp_198,1,35,0,0.142857,0.542857,1.54286,0.2,0.0285714,1,30,0,1.11429,0, 0.0285714, 0.371429
471.omnetpp,471.omnetpp_199,1,2,0,0.5,0,2.5,0,0.5,1,0,0,1,0, 0, 0
471.omnetpp,471.omnetpp_200,1,35,0,0.0857143,0.657143,2.11429,0.0571429,0.0285714,1,1,3,1.17143,0, 0.0857143, 0.257143
471.omnetpp,471.omnetpp_201,1,9,0,0.111111,0.666667,1.55556,0.111111,0,32,1,0,1.11111,0, 0, 0.444444
471.omnetpp,471.omnetpp_202,1,18,0,0.277778,0.333333,1.72222,0.111111,0.111111,33,0,0,0.777778,0, 0, 0.277778
471.omnetpp,471.omnetpp_203,3,0,0,0,0,0,0,0,1,0,0,0,0, 0, 0
471.omnetpp,471.omnetpp_204,2,23,0,0.304348,0.521739,1.52174,0.0869565,0.0869565,1,0,0,0.913043,0, 0.130435, 0.26087
471.omnetpp,471.omnetpp_205,1,42,0,0.214286,0.642857,1.71429,0.119048,0.0238095,1,661,0,1.02381,0, 0.309524, 0.214286
471.omnetpp,471.omnetpp_206,3,16,0,0.1875,0.4375,1.625,0.1875,0.125,1,19532,0,1.0625,0, 0.125, 0.25
471.omnetpp,471.omnetpp_207,2,1,0,1,0,1,0,0,1,661,0,0,0, 0, 0
471.omnetpp,471.omnetpp_208,1,3,0,0.333333,0.666667,1.33333,0,0,1,661,0,1,0, 0.333333, 0.333333
471.omnetpp,471.omnetpp_209,1,15,0,0.133333,0.533333,1.8,0.133333,0.0666667,1,661,0,1.26667,0, 0.2, 0.266667
471.omnetpp,471.omnetpp_210,1,0,0,0,0,0,0,0,1,0,0,0,0, 0, 0
471.omnetpp,471.omnetpp_211,1,9,0,0.111111,0.555556,1.55556,0.222222,0.111111,1,0,0,1.22222,0, 0.111111, 0.333333
471.omnetpp,471.omnetpp_212,1,9,0,0.111111,0.555556,1.55556,0.222222,0.111111,1,0,0,1.22222,0, 0.111111, 0.333333
471.omnetpp,471.omnetpp_213,1,6,0,0,0.333333,2.83333,0.166667,0,1,0,0,1,0, 0.166667, 0.166667
471.omnetpp,471.omnetpp_214,1,12,0,0.0833333,0.583333,1.66667,0.166667,0,1,0,0,1.08333,0, 0.0833333, 0.25
471.omnetpp,471.omnetpp_215,1,12,0,0.0833333,0.583333,1.66667,0.166667,0,1,0,0,1.08333,0, 0.0833333, 0.25
471.omnetpp,471.omnetpp_216,1,20,0,0.1,0.6,1.8,0.15,0.05,1,0,0,1.1,0, 0, 0.3
471.omnetpp,471.omnetpp_217,1,12,0,0.0833333,0.583333,1.66667,0.166667,0,1,0,0,1.08333,0, 0.0833333, 0.25
471.omnetpp,471.omnetpp_218,1,20,0,0.1,0.6,1.8,0.15,0.05,1,0,0,1.1,0, 0, 0.3
471.omnetpp,471.omnetpp_219,1,12,0,0.0833333,0.583333,1.66667,0.166667,0,1,0,0,1.08333,0, 0.0833333, 0.25
471.omnetpp,471.omnetpp_220,1,32,0,0.09375,0.53125,1.78125,0.1875,0.03125,1,0,0,1.15625,0, 0, 0.28125
471.omnetpp,471.omnetpp_221,1,18,0,0.111111,0.555556,1.77778,0.166667,0.0555556,1,0,0,1.05556,0, 0, 0.277778
471.omnetpp,471.omnetpp_222,1,40,0,0.1,0.6,1.6,0.175,0.05,1,0,0,1.15,0, 0.025, 0.35
471.omnetpp,471.omnetpp_223,1,7,0,0.142857,0.714286,1.57143,0.142857,0,1,39,0,1,0, 0.142857, 0.285714
471.omnetpp,471.omnetpp_224,1,34,0,0.117647,0.588235,1.64706,0.176471,0.0588235,1,11,0,1.11765,0, 0.0294118, 0.323529
471.omnetpp,471.omnetpp_225,1,19,0,0.157895,0.631579,1.52632,0.105263,0.0526316,1,0,0,1.10526,0, 0.0526316, 0.421053
471.omnetpp,471.omnetpp_226,1,15,0,0.133333,0.666667,1.86667,0.0666667,0.133333,1,35,0,1.06667,0, 0, 0.333333
471.omnetpp,471.omnetpp_227,1,15,0,0.133333,0.666667,1.86667,0.0666667,0.133333,1,4,0,1.06667,0, 0, 0.333333
471.omnetpp,471.omnetpp_228,1,18,0,0.166667,0.611111,1.72222,0.111111,0.0555556,1,131,0,1.11111,0, 0, 0.388889
471.omnetpp,471.omnetpp_229,1,10,0,0.2,0.6,1.6,0.1,0.1,1,0,0,1.1,0, 0, 0.4
471.omnetpp,471.omnetpp_230,1,13,0,0.153846,0.615385,1.84615,0.0769231,0.153846,1,0,0,1,0, 0, 0.307692
471.omnetpp,471.omnetpp_231,1,0,0,0,0,0,0,0,1,0,0,0,0, 0, 0
471.omnetpp,471.omnetpp_232,1,0,0,0,0,0,0,0,1,0,0,0,0, 0, 0
471.omnetpp,471.omnetpp_233,1,5,0,0.2,0.8,1.6,0,0,1,0,0,1,0, 0.4, 0.2
471.omnetpp,471.omnetpp_234,1,16,0,0.0625,0.625,1.6875,0.125,0,1,0,0,1.375,0, 0, 0.5
471.omnetpp,471.omnetpp_235,1,14,0.0714286,0.214286,0.571429,1.57143,0.0714286,0.0714286,1,0,0,1.21429,0, 0.142857, 0.357143
471.omnetpp,471.omnetpp_236,1,9,0,0.111111,0.666667,1.66667,0.111111,0,1,0,0,1.11111,0, 0, 0.444444
471.omnetpp,471.omnetpp_237,1,9,0,0.111111,0.555556,1.77778,0.222222,0,1,0,0,1.22222,0, 0, 0.333333
471.omnetpp,471.omnetpp_238,1,0,0,0,0,0,0,0,1,0,0,0,0, 0, 0
471.omnetpp,471.omnetpp_239,1,15,0,0.133333,0.666667,1.93333,0.0666667,0.0666667,1,0,0,1.06667,0, 0.133333, 0.266667
471.omnetpp,471.omnetpp_240,1,0,0,0,0,0,0,0,1,0,0,0,0, 0, 0
471.omnetpp,471.omnetpp_241,1,23,0.173913,0.0434783,0.782609,1.65217,0,0,1,0,0,1.26087,0, 0.130435, 0.478261
471.omnetpp,471.omnetpp_242,1,23,0.173913,0.0434783,0.782609,1.65217,0,0,1,0,0,1.26087,0, 0.130435, 0.478261
471.omnetpp,471.omnetpp_243,1,11,0.0909091,0.181818,0.727273,1.72727,0,0.0909091,1,0,0,1.09091,0, 0.0909091, 0.454545
471.omnetpp,471.omnetpp_244,2,13,0,0.0769231,0.692308,1.84615,0.153846,0,1,0,0,1.07692,0, 0.0769231, 0.230769
471.omnetpp,471.omnetpp_245,1,141,0,0.120567,0.673759,1.75887,0.0921986,0.0141844,17,0,0,1.03546,0, 0.106383, 0.29078
471.omnetpp,471.omnetpp_246,1,9,0,0.111111,0.777778,1.88889,0.111111,0,1,0,0,1,0, 0.111111, 0.222222
471.omnetpp,471.omnetpp_247,1,10,0,0.3,0.4,1.5,0.1,0.1,17,0,0,0.9,0, 0.1, 0.3
471.omnetpp,471.omnetpp_248,2,28,0,0.178571,0.571429,1.78571,0.142857,0.0357143,1,0,0,1.07143,0, 0, 0.285714
471.omnetpp,471.omnetpp_249,1,24,0,0.25,0.541667,1.79167,0.0833333,0.0416667,1,0,0,0.958333,0, 0.0416667, 0.25
471.omnetpp,471.omnetpp_250,2,21,0,0.142857,0.619048,1.90476,0.0952381,0.047619,1,0,0,1.09524,0, 0, 0.333333
471.omnetpp,471.omnetpp_251,1,33,0,0.181818,0.606061,1.90909,0.0606061,0.0606061,1,0,0,1,0, 0.030303, 0.30303
471.omnetpp,471.omnetpp_252,2,16,0,0.0625,0.625,1.6875,0.125,0,1,0,0,1.1875,0, 0.0625, 0.3125
471.omnetpp,471.omnetpp_253,1,15,0,0.133333,0.6,1.66667,0.0666667,0,1,0,0,1.06667,0, 0.133333, 0.266667
471.omnetpp,471.omnetpp_254,1,12,0,0.166667,0.583333,1.83333,0.0833333,0.0833333,1,0,0,1.08333,0, 0, 0.333333
471.omnetpp,471.omnetpp_255,1,15,0,0.0666667,0.533333,1.8,0.266667,0,1,0,0,1.13333,0, 0, 0.266667
471.omnetpp,471.omnetpp_256,1,28,0,0.178571,0.571429,1.78571,0.142857,0.0357143,1,0,0,1.07143,0, 0, 0.285714
471.omnetpp,471.omnetpp_257,1,11,0,0.0909091,0.727273,1.72727,0.181818,0,1,0,0,1.09091,0, 0.0909091, 0.272727
471.omnetpp,471.omnetpp_258,1,21,0,0.142857,0.52381,1.66667,0.190476,0.047619,17,0,0,1.14286,0, 0.047619, 0.333333
471.omnetpp,471.omnetpp_259,1,25,0,0.2,0.48,1.6,0.16,0.04,1,0,0,1,0, 0.08, 0.36
471.omnetpp,471.omnetpp_260,1,26,0,0.115385,0.692308,1.76923,0.115385,0.0384615,1,0,0,1.07692,0, 0.0384615, 0.307692
471.omnetpp,471.omnetpp_261,1,12,0,0.25,0.5,1.75,0.0833333,0.0833333,1,0,0,0.916667,0, 0, 0.25
471.omnetpp,471.omnetpp_262,1,8,0,0.125,0.75,1.75,0.125,0,1,3,0,1,0, 0.125, 0.25
471.omnetpp,471.omnetpp_263,1,12,0,0.25,0.5,1.75,0.0833333,0.0833333,1,0,0,0.916667,0, 0, 0.25
471.omnetpp,471.omnetpp_264,1,12,0,0.166667,0.583333,1.75,0.0833333,0.0833333,1,18,0,1.08333,0, 0, 0.333333
471.omnetpp,471.omnetpp_265,2,0,0,0,0,0,0,0,1,0,0,0,0, 0, 0
471.omnetpp,471.omnetpp_266,1,43,0,0.116279,0.697674,1.65116,0.0930233,0.0232558,1,0,0,1.13953,0, 0.0930233, 0.348837
471.omnetpp,471.omnetpp_267,1,8,0,0.125,0.75,1.75,0.125,0,1,0,0,1,0, 0.125, 0.25
471.omnetpp,471.omnetpp_268,1,9,0,0.333333,0.333333,1.66667,0.111111,0.111111,1,0,0,0.777778,0, 0, 0.222222
471.omnetpp,471.omnetpp_269,1,11,0,0.181818,0.545455,1.81818,0.0909091,0.0909091,1,0,0,1,0, 0, 0.272727
471.omnetpp,471.omnetpp_270,1,21,0,0.142857,0.619048,1.85714,0.0952381,0.0952381,1,0,0,1.09524,0, 0, 0.333333
471.omnetpp,471.omnetpp_271,1,40,0,0.15,0.6,1.8,0.1,0.05,1,3,0,1.15,0, 0.15, 0.2
471.omnetpp,471.omnetpp_272,1,0,0,0,0,0,0,0,1,0,0,0,0, 0, 0
471.omnetpp,471.omnetpp_273,1,0,0,0,0,0,0,0,1,0,0,0,0, 0, 0
471.omnetpp,471.omnetpp_274,1,0,0,0,0,0,0,0,1,0,0,0,0, 0, 0
471.omnetpp,471.omnetpp_275,1,1,0,1,0,1,0,0,1,0,0,0,0, 0, 0
471.omnetpp,471.omnetpp_276,1,1,0,1,0,1,0,0,1,2,0,0,0, 0, 0
471.omnetpp,471.omnetpp_277,1,14,0,0.285714,0.357143,1.78571,0,0.0714286,1,0,0,1.07143,0, 0, 0.357143
471.omnetpp,471.omnetpp_278,1,14,0,0.285714,0.357143,1.78571,0,0.0714286,1,0,0,1.07143,0, 0, 0.357143
471.omnetpp,471.omnetpp_279,1,8,0,0.125,0.625,1.375,0.125,0,1,0,0,1.125,0, 0, 0.5
471.omnetpp,471.omnetpp_280,1,7,0,0.285714,0.285714,1.85714,0,0,1,66,0,1,0, 0, 0.285714
471.omnetpp,471.omnetpp_281,1,1,0,1,0,1,0,0,1,0,0,0,0, 0, 0
471.omnetpp,471.omnetpp_282,1,14,0,0.214286,0.357143,1.71429,0.142857,0.0714286,1,6,0,1.14286,0, 0.0714286, 0.285714
471.omnetpp,471.omnetpp_283,1,14,0,0.0714286,0.571429,1.42857,0.285714,0,1,0,0,1.14286,0, 0, 0.357143
471.omnetpp,471.omnetpp_284,1,7,0,0.142857,0.714286,1.57143,0.142857,0,1,0,0,1,0, 0.142857, 0.285714
471.omnetpp,471.omnetpp_285,1,9,0,0.111111,0.666667,1.66667,0.111111,0,1,0,0,1.11111,0, 0, 0.444444
471.omnetpp,471.omnetpp_286,1,9,0,0.111111,0.555556,1.77778,0.222222,0,1,0,0,1.22222,0, 0, 0.333333
471.omnetpp,471.omnetpp_287,1,12,0.0833333,0.0833333,0.583333,1.41667,0.25,0,1,0,0,1.16667,0, 0.0833333, 0.333333
471.omnetpp,471.omnetpp_288,1,12,0.0833333,0.0833333,0.583333,1.41667,0.25,0,1,0,0,1.16667,0, 0.0833333, 0.333333
471.omnetpp,471.omnetpp_289,1,15,0,0.0666667,0.6,1.73333,0.266667,0,1,0,0,1.13333,0, 0, 0.333333
471.omnetpp,471.omnetpp_290,1,19,0,0.0526316,0.473684,1.84211,0.105263,0,1,0,0,1.26316,0, 0, 0.368421
471.omnetpp,471.omnetpp_291,1,25,0,0.16,0.6,1.76,0.12,0.04,1,0,0,1.04,0, 0.04, 0.32
471.omnetpp,471.omnetpp_292,1,9,0,0.111111,0.555556,1.66667,0.222222,0,3,0,0,1.11111,0, 0, 0.333333
471.omnetpp,471.omnetpp_293,1,13,0,0.0769231,0.615385,1.46154,0.230769,0,1,0,0,1.15385,0, 0, 0.384615
471.omnetpp,471.omnetpp_294,1,9,0,0.111111,0.777778,1.88889,0.111111,0,1,0,0,1,0, 0.111111, 0.222222
471.omnetpp,471.omnetpp_295,1,19,0,0.210526,0.578947,1.78947,0.105263,0.0526316,3,0,0,1,0, 0.105263, 0.263158
471.omnetpp,471.omnetpp_296,2,12,0,0.0833333,0.75,1.83333,0.166667,0,1,0,0,1.08333,0, 0.0833333, 0.25
471.omnetpp,471.omnetpp_297,1,138,0.0434783,0.0507246,0.73913,1.87681,0.115942,0.0144928,3,0,0,1.16667,0, 0.108696, 0.282609
471.omnetpp,471.omnetpp_298,1,7,0,0.142857,0.714286,1.71429,0.142857,0,1,0,0,1,0, 0.142857, 0.285714
471.omnetpp,471.omnetpp_299,1,13,0,0.0769231,0.538462,1.69231,0.307692,0,3,0,0,1.15385,0, 0, 0.307692
471.omnetpp,471.omnetpp_300,1,11,0,0.181818,0.545455,1.72727,0.0909091,0.0909091,1,0,0,1.09091,0, 0, 0.363636
471.omnetpp,471.omnetpp_301,1,29,0.0344828,0.172414,0.551724,1.65517,0.137931,0.0689655,1,0,0,1.13793,0, 0.103448, 0.310345
471.omnetpp,471.omnetpp_302,2,39,0,0.102564,0.615385,1.82051,0.153846,0.025641,3,0,0,1.07692,0, 0, 0.307692
471.omnetpp,471.omnetpp_303,1,35,0,0.0571429,0.571429,2.02857,0.0857143,0,3,0,0,1.02857,0, 0.0285714, 0.285714
471.omnetpp,471.omnetpp_304,1,0,0,0,0,0,0,0,1,0,0,0,0, 0, 0
471.omnetpp,471.omnetpp_305,1,0,0,0,0,0,0,0,1,0,0,0,0, 0, 0
471.omnetpp,471.omnetpp_306,2,18,0,0.111111,0.666667,1.83333,0.111111,0.0555556,1,0,0,1.11111,0, 0, 0.333333
471.omnetpp,471.omnetpp_307,1,22,0,0.136364,0.772727,1.95455,0.0454545,0.0454545,1,0,0,1.04545,0, 0.136364, 0.272727
471.omnetpp,471.omnetpp_308,2,18,0,0.111111,0.666667,1.83333,0.111111,0.0555556,1,0,0,1.11111,0, 0, 0.333333
471.omnetpp,471.omnetpp_309,1,22,0,0.136364,0.772727,1.95455,0.0454545,0.0454545,1,0,0,1.04545,0, 0.136364, 0.272727
471.omnetpp,471.omnetpp_310,2,74,0.0810811,0.108108,0.594595,1.71622,0.148649,0.0405405,1,0,0,1.2027,0, 0.121622, 0.310811
471.omnetpp,471.omnetpp_311,1,55,0.0909091,0.0727273,0.618182,1.69091,0.145455,0.0181818,1,0,0,1.18182,0, 0.145455, 0.290909
471.omnetpp,471.omnetpp_312,1,59,0.186441,0.0508475,0.610169,1.62712,0.101695,0.0169492,1,0,0,1.27119,0, 0.118644, 0.355932
471.omnetpp,471.omnetpp_313,1,58,0,0.0172414,0.775862,1.91379,0.103448,0,1,0,0,1.2069,0, 0, 0.431034
471.omnetpp,471.omnetpp_314,1,59,0,0.0169492,0.677966,2.01695,0.20339,0,1,0,0,1.28814,0, 0, 0.305085
471.omnetpp,471.omnetpp_315,1,0,0,0,0,0,0,0,1,0,0,0,0, 0, 0
471.omnetpp,471.omnetpp_316,1,30,0,0.233333,0.466667,2.03333,0,0.0666667,1,0,0,1.06667,0, 0.1, 0.2
471.omnetpp,471.omnetpp_317,1,42,0,0.238095,0.547619,1.97619,0.0238095,0.0714286,1,0,0,0.928571,0, 0.0238095, 0.261905
471.omnetpp,471.omnetpp_318,1,8,0,0.25,0.5,1.75,0,0.125,1,0,0,1,0, 0, 0.375
471.omnetpp,471.omnetpp_319,1,0,0,0,0,0,0,0,1,0,0,0,0, 0, 0
471.omnetpp,471.omnetpp_320,1,0,0,0,0,0,0,0,1,0,0,0,0, 0, 0
471.omnetpp,471.omnetpp_321,1,8,0,0.125,0.5,1.5,0.125,0,1,0,0,1.125,0, 0, 0.375
471.omnetpp,471.omnetpp_322,1,7,0,0.285714,0.428571,1.85714,0,0.142857,1,76,0,1,0, 0, 0.285714
471.omnetpp,471.omnetpp_323,1,22,0,0.227273,0.454545,1.68182,0.0454545,0.0454545,1,1030307,0,1.13636,0, 0.136364, 0.318182
471.omnetpp,471.omnetpp_324,1,23,0,0.0434783,0.565217,1.86957,0.0869565,0,1,4,0,1.3913,0, 0.0434783, 0.478261
471.omnetpp,471.omnetpp_325,1,14,0,0.214286,0.5,1.78571,0,0,1,4,0,1.14286,0, 0.142857, 0.285714
471.omnetpp,471.omnetpp_326,1,25,0,0.2,0.4,1.76,0.08,0.08,1,4,0,1.08,0, 0.04, 0.28
471.omnetpp,471.omnetpp_327,2,11,0,0.272727,0.454545,1.81818,0,0.0909091,1,10,0,1.09091,0, 0.0909091, 0.363636
471.omnetpp,471.omnetpp_328,1,5,0,0.4,0.4,1.6,0,0,1,3,0,0.8,0, 0.4, 0
471.omnetpp,471.omnetpp_329,1,10,0,0.3,0.4,1.9,0,0.1,1,3,0,1.1,0, 0.1, 0.3
471.omnetpp,471.omnetpp_330,1,17,0,0.294118,0.176471,2,0.0588235,0.0588235,1,0,0,1.05882,0, 0, 0.176471
471.omnetpp,471.omnetpp_331,1,17,0,0.294118,0.176471,2,0.0588235,0.0588235,1,4,0,1.05882,0, 0, 0.176471
471.omnetpp,471.omnetpp_332,1,32,0,0.1875,0.5,1.875,0.03125,0.03125,1,0,0,1.0625,0, 0.125, 0.3125
471.omnetpp,471.omnetpp_333,1,8,0,0.25,0.375,1.875,0,0.125,1,0,0,1.125,0, 0.125, 0.25
471.omnetpp,471.omnetpp_334,1,0,0,0,0,0,0,0,1,1,0,0,0, 0, 0
471.omnetpp,471.omnetpp_335,1,39,0,0.205128,0.384615,1.71795,0.179487,0.025641,1,8,0,0.974359,0, 0.0512821, 0.205128
471.omnetpp,471.omnetpp_336,1,12,0,0.166667,0.583333,1.91667,0.0833333,0.0833333,1,8,0,1,0, 0.0833333, 0.25
471.omnetpp,471.omnetpp_337,1,8,0,0.125,0.5,1.5,0.125,0,1,0,0,1.125,0, 0, 0.375
471.omnetpp,471.omnetpp_338,1,39,0,0.230769,0.307692,1.84615,0.025641,0.0512821,1,0,0,1.02564,0, 0.025641, 0.282051
471.omnetpp,471.omnetpp_339,1,20,0,0.25,0.3,1.7,0.1,0.05,1,0,0,1,0, 0.05, 0.2
471.omnetpp,471.omnetpp_340,1,7,0,0.142857,0.428571,1.85714,0.142857,0,1,0,0,1,0, 0, 0.285714
471.omnetpp,471.omnetpp_341,1,11,0,0.0909091,0.545455,1.45455,0.181818,0,1,0,0,1.09091,0, 0, 0.454545
471.omnetpp,471.omnetpp_342,1,12,0,0.25,0.416667,1.83333,0.0833333,0,1,0,0,1,0, 0, 0.333333
471.omnetpp,471.omnetpp_343,1,5,0,0.2,0.4,1.8,0.2,0,1,0,0,1,0, 0, 0.2
471.omnetpp,471.omnetpp_344,1,8,0,0.25,0.375,1.75,0.125,0,1,0,0,1.125,0, 0.125, 0.25
471.omnetpp,471.omnetpp_345,1,8,0,0.125,0.5,1.5,0.125,0,1,3,0,1.125,0, 0, 0.375
471.omnetpp,471.omnetpp_346,1,11,0,0.272727,0.454545,1.63636,0.0909091,0,1,6,0,1,0, 0.0909091, 0.272727
471.omnetpp,471.omnetpp_347,1,7,0,0.142857,0.428571,1.42857,0.142857,0,1,3,0,1,0, 0, 0.285714
471.omnetpp,471.omnetpp_348,1,39,0,0.230769,0.307692,1.84615,0.025641,0.0512821,1,0,0,1.02564,0, 0.025641, 0.282051
471.omnetpp,471.omnetpp_349,1,12,0,0.166667,0.25,1.66667,0.166667,0.0833333,1,0,0,1,0, 0, 0.166667
471.omnetpp,471.omnetpp_350,1,51,0,0.0784314,0.627451,1.4902,0.215686,0.0196078,1,0,0,1.13725,0, 0.0392157, 0.372549
471.omnetpp,471.omnetpp_351,1,22,0,0.136364,0.636364,1.54545,0.136364,0.0454545,1,0,0,1.09091,0, 0, 0.409091
471.omnetpp,471.omnetpp_352,1,10,0,0.1,0.8,1.6,0.1,0,1,0,0,1.1,0, 0.1, 0.4
471.omnetpp,471.omnetpp_353,1,38,0,0.105263,0.578947,1.63158,0.210526,0.0526316,1,2,0,1.10526,0, 0.0263158, 0.315789
471.omnetpp,471.omnetpp_354,1,29,0,0.0689655,0.724138,1.68966,0.103448,0.0344828,1,1213415,0,1.2069,0, 0.103448, 0.37931
471.omnetpp,471.omnetpp_355,1,12,0,0.0833333,0.75,1.41667,0.166667,0,1,0,0,1.16667,0, 0.0833333, 0.416667
471.omnetpp,471.omnetpp_356,1,75,0,0.0666667,0.733333,1.69333,0.106667,0.0266667,1,1213412,0,1.21333,0, 0.0933333, 0.386667
471.omnetpp,471.omnetpp_357,1,12,0,0.166667,0.5,1.75,0.0833333,0.0833333,1,0,0,1.08333,0, 0, 0.333333
471.omnetpp,471.omnetpp_358,1,19,0,0.157895,0.368421,1.78947,0.105263,0.0526316,1,0,0,1.15789,0, 0, 0.315789
471.omnetpp,471.omnetpp_359,1,0,0,0,0,0,0,0,1,589001,0,0,0, 0, 0
471.omnetpp,471.omnetpp_360,1,37,0,0.0810811,0.567568,1.62162,0.27027,0.027027,1,0,0,1.10811,0, 0.0540541, 0.27027
471.omnetpp,471.omnetpp_361,1,27,0,0.111111,0.518519,1.7037,0.296296,0.037037,1,0,0,1.03704,0, 0, 0.222222
471.omnetpp,471.omnetpp_362,1,0,0,0,0,0,0,0,1,0,0,0,0, 0, 0
471.omnetpp,471.omnetpp_363,1,63,0,0.15873,0.460317,1.69841,0.206349,0.015873,1,0,0,1.03175,0, 0.015873, 0.253968
471.omnetpp,471.omnetpp_364,1,13,0,0.307692,0.461538,1.76923,0.0769231,0.0769231,1,0,0,0.923077,0, 0, 0.307692
471.omnetpp,471.omnetpp_365,1,45,0,0.2,0.377778,1.97778,0.222222,0.0222222,1,0,0,1.04444,0, 0.0888889, 0.133333
471.omnetpp,471.omnetpp_366,1,483,0.0227743,0.0848861,0.552795,1.75155,0.175983,0.0186335,1,0,36,1.20083,0, 0.0828157, 0.312629
471.omnetpp,471.omnetpp_367,1,14,0,0.285714,0.285714,1.57143,0.142857,0.0714286,1,28,0,0.857143,0, 0, 0.285714
471.omnetpp,471.omnetpp_368,1,7,0,0.285714,0.285714,1.57143,0.142857,0.142857,1,28,0,0.857143,0, 0, 0.285714
471.omnetpp,471.omnetpp_369,1,10,0,0.3,0.4,1.5,0.1,0.1,1,6,0,0.9,0, 0.1, 0.3
471.omnetpp,471.omnetpp_370,1,14,0,0.214286,0.571429,1.5,0.0714286,0.0714286,1,6,0,1,0, 0.142857, 0.357143
471.omnetpp,471.omnetpp_371,1,8,0,0.375,0.25,1.5,0.125,0.125,1,6,0,0.75,0, 0, 0.25
471.omnetpp,471.omnetpp_372,1,27,0,0.037037,0.814815,1.51852,0.148148,0,1,0,0,1.18519,0, 0.0740741, 0.444444
471.omnetpp,471.omnetpp_373,1,14,0,0.0714286,0.785714,1.57143,0.142857,0,1,0,0,1.14286,0, 0.142857, 0.357143
471.omnetpp,471.omnetpp_374,1,26,0.0384615,0.115385,0.615385,1.61538,0.115385,0.0384615,1,0,0,1.11538,0, 0.0384615, 0.346154
471.omnetpp,471.omnetpp_375,1,275,0.08,0.0472727,0.614545,1.59636,0.149091,0.0218182,1,0,0,1.21818,0, 0.0254545, 0.370909
471.omnetpp,471.omnetpp_376,1,14,0,0.0714286,0.714286,1.57143,0.142857,0,1,0,0,1.14286,0, 0.0714286, 0.357143
471.omnetpp,471.omnetpp_377,1,10,0.1,0.2,0.6,1.6,0.1,0.1,1,0,0,1.1,0, 0, 0.4
471.omnetpp,471.omnetpp_378,1,11,0.0909091,0.181818,0.545455,1.54545,0.181818,0.0909091,1,0,0,1.09091,0, 0, 0.363636
471.omnetpp,471.omnetpp_379,1,19,0,0.0526316,0.578947,1.84211,0.105263,0,1,0,0,1.15789,0, 0, 0.368421
471.omnetpp,471.omnetpp_380,1,10,0.1,0.2,0.6,1.6,0.1,0.1,1,0,0,1.1,0, 0, 0.4
471.omnetpp,471.omnetpp_381,1,10,0.1,0.2,0.6,1.6,0.1,0.1,1,0,0,1.1,0, 0, 0.4
471.omnetpp,471.omnetpp_382,1,9,0,0.111111,0.666667,1.66667,0.111111,0,1,0,0,1.11111,0, 0, 0.444444
471.omnetpp,471.omnetpp_383,1,9,0,0.111111,0.666667,1.66667,0.111111,0,1,0,0,1.11111,0, 0, 0.444444
471.omnetpp,471.omnetpp_384,1,9,0,0.111111,0.555556,1.77778,0.222222,0,1,0,0,1.22222,0, 0, 0.333333
471.omnetpp,471.omnetpp_385,1,9,0,0.111111,0.555556,1.77778,0.222222,0,1,0,0,1.22222,0, 0, 0.333333
471.omnetpp,471.omnetpp_386,1,30,0,0.133333,0.333333,1.63333,0.2,0.0333333,1,0,0,1.1,0, 0, 0.233333
471.omnetpp,471.omnetpp_387,1,12,0,0.166667,0.583333,1.91667,0.0833333,0.0833333,1,10,0,1,0, 0.0833333, 0.25
471.omnetpp,471.omnetpp_388,1,10,0,0.1,0.7,1.5,0.1,0,1,0,0,1.1,0, 0, 0.5
471.omnetpp,471.omnetpp_389,1,27,0,0.148148,0.555556,1.92593,0.111111,0.037037,1,8,0,1.03704,0, 0.037037, 0.259259
471.omnetpp,471.omnetpp_390,1,8,0,0.25,0.5,1.75,0,0.125,1,0,0,1,0, 0, 0.375
471.omnetpp,471.omnetpp_391,1,11,0,0.181818,0.545455,1.90909,0,0.0909091,1,0,0,1.09091,0, 0, 0.363636
471.omnetpp,471.omnetpp_392,1,11,0,0.181818,0.545455,1.90909,0,0.0909091,1,0,0,1.09091,0, 0, 0.363636
471.omnetpp,471.omnetpp_393,1,18,0,0.222222,0.333333,1.94444,0,0.111111,1,0,0,1.05556,0, 0, 0.333333
471.omnetpp,471.omnetpp_394,1,6,0,0.166667,0.666667,1.33333,0.166667,0,1,1,0,1,0, 0.166667, 0.333333
471.omnetpp,471.omnetpp_395,1,32,0,0.1875,0.5,1.875,0.03125,0.03125,1,2,0,1.0625,0, 0.125, 0.3125
471.omnetpp,471.omnetpp_396,1,0,0,0,0,0,0,0,1,0,0,0,0, 0, 0
471.omnetpp,471.omnetpp_397,1,14,0,0.285714,0.285714,1.57143,0.142857,0.0714286,1,0,0,0.857143,0, 0, 0.285714
471.omnetpp,471.omnetpp_398,1,25,0,0.2,0.48,1.72,0.16,0.04,1,0,0,0.96,0, 0, 0.24
471.omnetpp,471.omnetpp_399,2,28,0,0.0357143,0.821429,1.67857,0.107143,0,1,0,0,1.17857,0, 0.107143, 0.392857
471.omnetpp,471.omnetpp_400,1,3,0,0.666667,0.333333,1.33333,0,0,1,0,0,0.333333,0, 0.333333, 0
471.omnetpp,471.omnetpp_401,3,11,0,0.181818,0.363636,1.72727,0,0.0909091,1,0,0,1.09091,0, 0, 0.363636
471.omnetpp,471.omnetpp_402,2,69,0,0.101449,0.652174,1.66667,0.115942,0.0144928,1,0,0,1.15942,0, 0.115942, 0.333333
471.omnetpp,471.omnetpp_403,1,66,0,0.0606061,0.515152,1.74242,0.181818,0.0151515,1,0,0,1.13636,0, 0.0909091, 0.242424
471.omnetpp,471.omnetpp_404,1,75,0,0.0533333,0.666667,1.68,0.133333,0.0133333,1,0,0,1.17333,0, 0.133333, 0.32
471.omnetpp,471.omnetpp_405,1,23,0,0.130435,0.565217,1.78261,0.130435,0.0434783,1,0,0,1.21739,0, 0.173913, 0.173913
471.omnetpp,471.omnetpp_406,1,13,0,0.153846,0.461538,1.53846,0.153846,0.0769231,1,0,0,1.07692,0, 0, 0.384615
471.omnetpp,471.omnetpp_407,1,18,0,0.222222,0.611111,1.61111,0.0555556,0.0555556,1,0,0,1.05556,0, 0.111111, 0.333333
471.omnetpp,471.omnetpp_408,2,55,0.0363636,0.127273,0.709091,1.69091,0.109091,0.0181818,1,0,0,1.05455,0, 0.0545455, 0.418182
471.omnetpp,471.omnetpp_409,1,7,0,0.285714,0.285714,2.14286,0.142857,0,1,0,0,1,0, 0.285714, 0
471.omnetpp,471.omnetpp_410,1,22,0,0.0454545,0.818182,1.81818,0.136364,0,1,0,0,1.09091,0, 0.136364, 0.272727
471.omnetpp,471.omnetpp_411,1,124,0,0.0887097,0.645161,1.74194,0.129032,0.0241935,1,21,0,1.12097,0, 0.104839, 0.322581
471.omnetpp,471.omnetpp_412,1,21,0,0.238095,0.571429,2,0.047619,0,1,21,0,0.952381,0, 0.142857, 0.238095
471.omnetpp,471.omnetpp_413,1,59,0,0.0677966,0.661017,1.69492,0.20339,0.0169492,1,0,0,1.13559,0, 0, 0.355932
471.omnetpp,471.omnetpp_414,1,130,0,0.0846154,0.7,1.80769,0.107692,0.0153846,1,0,0,1.13077,0, 0, 0.376923
471.omnetpp,471.omnetpp_415,1,19,0,0.105263,0.684211,1.78947,0.105263,0.0526316,1,0,0,1.10526,0, 0, 0.368421
471.omnetpp,471.omnetpp_416,1,12,0,0.25,0.5,1.75,0.0833333,0.0833333,1,0,0,0.916667,0, 0, 0.25
471.omnetpp,471.omnetpp_417,1,23,0,0.217391,0.521739,1.78261,0.0869565,0.0434783,1,0,0,0.956522,0, 0, 0.26087
471.omnetpp,471.omnetpp_418,1,12,0,0.25,0.5,1.75,0.0833333,0.0833333,1,0,0,0.916667,0, 0, 0.25
471.omnetpp,471.omnetpp_419,1,41,0,0.0731707,0.658537,1.85366,0.097561,0.0243902,1,11,0,1.12195,0, 0, 0.365854
471.omnetpp,471.omnetpp_420,1,17,0,0.0588235,0.764706,1.76471,0.117647,0,1,11,0,1.17647,0, 0, 0.411765
471.omnetpp,471.omnetpp_421,1,10,0,0.1,0.7,1.7,0.1,0,1,11,0,1.1,0, 0, 0.4
471.omnetpp,471.omnetpp_422,1,47,0,0.106383,0.595745,1.85106,0.106383,0.0212766,1,11,0,1.10638,0, 0.0212766, 0.319149
471.omnetpp,471.omnetpp_423,1,9,0,0.111111,0.444444,2.55556,0.111111,0.111111,1,11,0,1.22222,0, 0.111111, 0.222222
471.omnetpp,471.omnetpp_424,1,8,0,0.125,0.375,1.875,0.125,0.125,1,0,0,1.25,0, 0.125, 0.25
471.omnetpp,471.omnetpp_425,1,14,0,0.0714286,0.714286,1.57143,0.142857,0,1,0,0,1.14286,0, 0.0714286, 0.357143
471.omnetpp,471.omnetpp_426,2,1,0,1,0,1,0,0,1,0,0,0,0, 0, 0
471.omnetpp,471.omnetpp_427,2,13,0.0769231,0.230769,0.461538,1.53846,0.153846,0.0769231,1,0,0,1,0, 0, 0.307692
471.omnetpp,471.omnetpp_428,1,99,0.0606061,0.131313,0.555556,1.51515,0.151515,0.040404,1,0,0,1.15152,0, 0.111111, 0.343434
471.omnetpp,471.omnetpp_429,1,13,0,0.0769231,0.615385,1.46154,0.230769,0,1,0,0,1.15385,0, 0, 0.384615
471.omnetpp,471.omnetpp_430,1,8,0,0.125,0.625,1.5,0.25,0,1,0,0,1,0, 0.125, 0.25
471.omnetpp,471.omnetpp_431,1,16,0.0625,0.25,0.625,1.5,0.0625,0.0625,1,0,0,1.0625,0, 0.125, 0.375
471.omnetpp,471.omnetpp_432,1,12,0.0833333,0.0833333,0.583333,1.41667,0.25,0,1,0,0,1.16667,0, 0.0833333, 0.333333
471.omnetpp,471.omnetpp_433,1,16,0.0625,0.25,0.625,1.5,0.0625,0.0625,1,0,0,1.0625,0, 0.125, 0.375
471.omnetpp,471.omnetpp_434,1,9,0,0.111111,0.666667,1.66667,0.111111,0,1,0,0,1.11111,0, 0, 0.444444
471.omnetpp,471.omnetpp_435,1,9,0,0.111111,0.555556,1.77778,0.222222,0,1,0,0,1.22222,0, 0, 0.333333
471.omnetpp,471.omnetpp_436,1,0,0,0,0,0,0,0,1,35998,0,0,0, 0, 0
471.omnetpp,471.omnetpp_437,1,34,0.235294,0.117647,0.470588,1.82353,0,0.0294118,1,0,0,1.23529,0, 0.117647, 0.352941
471.omnetpp,471.omnetpp_438,1,5,0.2,0.2,0.4,1.8,0,0.2,1,0,0,1.2,0, 0, 0.4
471.omnetpp,471.omnetpp_439,1,7,0.285714,0.142857,0.428571,1.57143,0,0,1,0,0,1.14286,0, 0.142857, 0.285714
471.omnetpp,471.omnetpp_440,1,12,0.0833333,0.25,0.5,1.58333,0,0.0833333,1,0,0,1.08333,0, 0.166667, 0.333333
471.omnetpp,471.omnetpp_441,1,7,0,0.142857,0.571429,1.57143,0,0,1,0,0,1.28571,0, 0.142857, 0.428571
471.omnetpp,471.omnetpp_442,2,0,0,0,0,0,0,0,1,0,0,0,0, 0, 0
471.omnetpp,471.omnetpp_443,1,9,0.111111,0.111111,0.444444,1.55556,0.111111,0,1,0,0,1.11111,0, 0.222222, 0.222222
471.omnetpp,471.omnetpp_444,1,0,0,0,0,0,0,0,1,0,0,0,0, 0, 0
471.omnetpp,471.omnetpp_445,1,0,0,0,0,0,0,0,1,1,0,0,0, 0, 0
471.omnetpp,471.omnetpp_446,1,5,0,0.2,0.6,1.6,0.2,0,1,1,0,0.8,0, 0.2, 0.2
471.omnetpp,471.omnetpp_447,1,2,0,0.5,0,1.5,0,0,33,1,0,0.5,0, 0, 0
471.omnetpp,471.omnetpp_448,1,30,0,0.2,0.466667,2.3,0,0.0333333,10001,0,0,0.933333,0, 0.0333333, 0.1
471.omnetpp,471.omnetpp_449,1,0,0,0,0,0,0,0,1,0,0,0,0, 0, 0
471.omnetpp,471.omnetpp_450,1,12,0,0.25,0.583333,1.83333,0,0.166667,1,0,0,1,0, 0, 0.416667
471.omnetpp,471.omnetpp_451,1,28,0,0.142857,0.642857,2,0.0357143,0.0714286,1,0,0,1,0, 0, 0.392857
471.omnetpp,471.omnetpp_452,1,7,0,0.285714,0.285714,1.57143,0.142857,0.142857,1,7,0,0.857143,0, 0, 0.285714
471.omnetpp,471.omnetpp_453,2,8,0,0.25,0.375,1.5,0.125,0.125,1,17,0,0.875,0, 0, 0.375
471.omnetpp,471.omnetpp_454,2,8,0,0.25,0.375,1.5,0.125,0.125,1,11,0,0.875,0, 0, 0.375
471.omnetpp,471.omnetpp_455,1,158,0.0822785,0.164557,0.607595,1.52532,0.0696203,0.00632911,1,17,0,1.06329,0, 0.0949367, 0.398734
471.omnetpp,471.omnetpp_456,1,5,0,0.4,0.2,1.8,0,0.2,1,0,0,0.8,0, 0, 0.2
471.omnetpp,471.omnetpp_457,1,5,0,0.4,0.2,1.8,0,0.2,1,0,0,0.8,0, 0, 0.2
471.omnetpp,471.omnetpp_458,1,5,0,0.4,0.2,1.8,0,0.2,1,0,0,0.8,0, 0, 0.2
471.omnetpp,471.omnetpp_459,1,5,0,0.4,0.2,1.8,0,0.2,1,0,0,0.8,0, 0, 0.2
471.omnetpp,471.omnetpp_460,2,0,0,0,0,0,0,0,1,0,0,0,0, 0, 0
471.omnetpp,471.omnetpp_461,1,276,0,0.155797,0.594203,1.69565,0.101449,0.0108696,1,0,0,1.14493,0, 0.112319, 0.293478
471.omnetpp,471.omnetpp_462,1,7,0,0.285714,0.285714,1.57143,0.142857,0.142857,1,0,0,0.857143,0, 0, 0.285714
471.omnetpp,471.omnetpp_463,1,33,0,0.0909091,0.545455,1.45455,0.212121,0.030303,1,0,0,1.27273,0, 0.0606061, 0.393939
471.omnetpp,471.omnetpp_464,1,0,0,0,0,0,0,0,1,0,0,0,0, 0, 0
471.omnetpp,471.omnetpp_465,1,22,0,0.181818,0.363636,1.54545,0.181818,0.0454545,1,0,0,1,0, 0, 0.272727
